time: 60001ms
iterations: 36274200
color types: 28
conflicts: 17
colors:
7
3
8
9
12
12
5
26
15
7
5
21
1
13
2
18
27
12
8
26
2
15
8
17
7
0
13
6
18
22
15
5
18
27
5
18
27
14
2
11
16
10
19
0
25
7
1
21
25
6
19
13
4
7
0
24
22
20
6
24
23
26
16
6
21
20
6
6
26
24
1
26
9
3
20
9
18
23
24
4
14
27
5
24
3
7
10
22
8
26
23
9
24
12
22
27
4
6
16
4
25
10
13
8
4
16
22
19
15
2
15
27
4
20
25
3
7
14
21
21
25
11
25
17
14
27
11
4
5
13
20
15
25
0
12
6
13
8
23
18
11
27
2
16
10
17
17
24
27
14
18
1
0
27
26
9
0
14
10
5
19
25
26
9
19
6
25
19
24
0
15
1
20
5
13
14
26
8
23
21
15
24
1
8
20
3
23
4
17
10
16
20
22
16
14
13
14
16
22
13
11
22
14
23
21
10
12
11
8
4
18
3
20
19
17
2
22
1
1
23
10
3
11
1
6
18
19
17
12
10
12
27
4
17
21
0
17
9
9
12
5
3
7
16
11
4
22
16
13
0
