time: 60001ms
iterations: 16671809
color types: 49
conflicts: 44
colors:
48
0
12
19
36
31
18
43
21
14
38
34
25
41
9
29
42
10
48
16
14
40
37
8
18
31
2
44
37
34
45
38
11
47
26
7
45
23
39
33
4
17
26
6
21
23
47
13
11
44
21
1
47
10
8
0
48
7
37
25
16
13
34
34
4
5
27
46
33
21
27
36
24
41
12
17
36
23
14
45
32
38
22
12
8
3
18
46
11
24
41
19
32
10
21
27
19
29
28
23
23
42
2
37
7
14
48
6
18
41
26
2
35
21
28
11
12
20
22
26
14
14
5
36
48
27
43
36
5
48
43
22
28
41
33
28
33
2
17
9
21
15
0
35
16
13
29
37
19
25
44
29
0
0
5
26
2
2
18
7
10
34
5
8
32
3
20
44
10
22
20
43
38
6
12
41
5
13
26
1
35
30
41
32
23
8
2
42
4
3
42
18
6
13
29
6
46
38
0
21
26
30
1
36
25
14
39
24
0
30
20
39
3
12
31
22
34
31
23
3
21
35
8
45
14
29
32
20
4
14
20
16
48
40
30
5
25
1
40
44
29
10
43
1
32
13
18
17
22
38
45
19
16
23
46
45
23
37
33
4
3
36
12
48
41
40
47
15
24
38
25
31
28
44
40
17
25
24
15
8
7
15
44
3
24
31
12
33
47
35
40
2
6
44
0
28
22
8
47
7
16
5
0
6
37
41
30
20
11
46
18
9
36
45
19
24
15
20
19
18
35
37
19
17
47
30
46
10
12
9
42
33
4
37
8
15
27
35
20
11
27
11
32
44
32
2
20
31
3
35
24
34
15
32
1
33
39
32
13
39
48
48
0
40
19
42
28
10
27
41
48
38
16
18
37
22
29
40
31
6
4
30
26
7
32
5
13
30
3
39
13
37
3
39
26
44
46
9
15
5
46
48
4
43
18
7
47
11
45
22
23
30
36
35
34
46
9
24
34
2
25
27
17
30
24
9
27
25
28
1
25
33
43
11
17
38
43
29
10
45
20
13
43
17
45
47
4
31
7
22
26
6
42
8
38
9
41
38
46
14
1
23
43
36
29
12
34
28
10
15
9
1
11
31
16
44
41
33
1
18
42
19
16
40
6
36
27
10
4
16
39
31
9
27
15
39
17
42
39
42
