time: 60001ms
iterations: 3250086
color types: 83
conflicts: 118
colors:
27
62
43
75
13
79
65
38
72
20
74
19
18
34
22
79
25
55
29
49
50
5
8
47
33
6
34
24
29
5
18
42
35
25
18
13
16
62
35
40
77
70
10
12
80
40
54
22
32
30
34
15
0
19
59
3
19
18
1
66
11
80
3
55
71
49
43
79
81
23
25
0
24
15
17
6
11
53
1
20
64
40
22
69
39
0
49
16
55
56
68
8
38
67
52
60
25
67
26
35
32
69
53
9
8
75
8
82
25
48
1
58
32
80
41
20
15
29
22
74
55
4
68
46
81
24
64
49
47
72
72
51
61
25
72
51
67
47
14
36
15
9
78
13
41
60
25
61
73
64
10
14
25
69
71
4
8
32
56
12
52
14
79
13
34
51
37
82
82
76
47
63
45
55
63
28
56
51
45
45
48
24
23
41
71
66
54
47
36
60
54
55
45
6
35
67
70
62
12
3
27
61
31
21
32
43
43
75
26
4
71
51
29
40
69
33
73
48
13
62
36
58
12
65
28
22
16
63
67
13
74
51
66
57
45
46
58
69
3
10
43
39
63
78
23
46
27
58
30
73
61
34
69
74
79
28
54
81
70
26
25
72
40
56
59
7
68
29
67
38
61
18
80
4
38
39
43
65
21
9
81
70
55
39
27
21
57
70
44
3
14
46
33
59
72
19
43
65
74
68
7
48
31
20
26
65
0
78
56
18
64
24
24
60
51
3
78
81
26
53
68
81
2
66
4
27
65
18
15
9
80
5
4
43
15
76
56
5
44
60
64
24
64
63
73
2
49
9
22
77
12
19
64
66
75
33
32
32
7
21
81
36
46
0
9
48
45
64
66
22
81
76
22
74
66
12
50
66
35
78
6
55
32
57
68
10
39
59
5
55
77
19
33
8
15
2
10
28
5
70
41
61
42
31
2
0
51
17
1
71
21
77
32
34
58
58
2
16
53
39
63
36
56
12
46
80
49
29
17
11
5
26
46
7
11
50
28
72
36
82
28
59
40
69
15
79
21
52
31
70
65
66
76
1
49
46
74
77
63
1
35
19
81
24
70
32
47
2
29
79
15
52
17
47
37
62
72
65
27
68
42
8
45
38
43
64
6
7
2
24
75
12
62
53
81
55
67
1
77
2
10
56
36
7
67
17
65
67
44
35
5
77
26
44
52
26
71
41
58
54
58
19
31
74
34
43
10
50
25
67
44
63
47
62
16
82
31
73
6
66
78
49
48
23
44
74
30
30
54
3
29
53
42
6
45
36
8
52
27
12
40
63
76
38
21
16
33
73
77
21
1
43
45
54
69
20
63
40
3
0
50
6
75
37
68
59
42
19
7
61
75
80
30
76
82
23
35
4
28
41
20
4
20
48
49
2
31
12
35
80
59
23
64
73
71
79
39
57
50
45
5
35
42
47
19
11
9
45
18
69
37
42
15
8
57
47
38
54
82
49
5
11
52
41
75
63
38
60
37
68
28
40
27
10
51
11
46
62
37
67
75
46
30
8
37
9
73
20
4
76
13
29
45
33
35
58
28
19
31
52
38
59
66
56
47
79
51
18
24
15
57
37
70
37
57
62
63
40
2
14
82
53
11
5
78
6
52
16
17
42
66
40
59
36
79
7
72
30
11
2
22
41
53
6
17
67
69
62
54
59
82
6
76
14
68
5
37
13
22
3
42
4
14
78
9
77
81
6
61
26
8
24
52
38
23
30
21
80
29
71
24
23
35
1
76
79
50
26
60
23
54
10
74
14
23
57
38
30
10
36
22
12
22
72
74
42
34
26
44
3
1
44
61
27
48
33
10
33
60
22
60
2
31
79
20
40
19
17
42
23
57
16
4
61
52
37
7
0
78
52
51
59
62
45
49
23
21
30
70
16
80
75
13
57
63
43
54
31
15
53
4
77
16
30
0
31
16
3
16
44
40
48
49
60
41
82
2
71
56
23
64
39
33
70
61
17
41
55
27
11
50
26
57
48
41
57
28
20
43
6
0
46
17
28
7
0
20
58
39
71
44
1
38
48
69
7
1
61
26
11
13
34
66
64
33
25
14
14
50
5
67
13
9
29
14
25
20
78
70
37
62
47
65
53
76
33
39
75
53
51
55
34
71
34
9
82
27
44
18
36
69
8
70
3
30
19
37
78
51
34
69
78
76
36
80
50
58
33
72
31
68
0
41
33
60
21
76
17
75
50
39
65
18
73
0
77
74
12
29
73
63
42
78
73
7
10
32
14
20
71
46
80
73
12
65
34
17
79
18
79
