time: 60001ms
iterations: 902087
color types: 146
conflicts: 291
colors:
130
71
50
58
107
134
81
139
70
129
16
11
99
143
101
106
82
9
42
123
15
145
87
114
58
91
130
5
142
116
68
48
75
0
139
64
42
84
104
49
99
118
18
130
12
143
48
22
122
6
128
3
63
24
16
13
10
94
2
107
76
108
135
76
136
79
4
59
49
30
0
4
117
89
132
130
61
10
40
59
127
109
86
142
90
36
138
63
68
19
117
117
71
20
13
1
10
65
84
31
26
58
73
91
80
142
55
30
107
69
46
28
105
47
5
46
19
76
76
0
72
60
138
73
40
124
12
11
31
84
144
41
24
25
112
106
6
55
14
30
108
86
8
138
132
102
122
2
55
72
53
24
75
92
74
23
12
81
30
110
9
6
113
90
77
45
133
118
25
87
144
46
112
139
33
33
60
104
93
114
69
51
101
21
44
42
96
116
77
11
114
119
106
119
86
70
71
134
101
108
134
90
49
136
8
17
67
97
60
144
115
67
21
57
101
32
72
142
76
51
53
52
106
24
99
6
139
113
14
48
118
56
15
138
27
112
103
144
18
32
11
32
29
122
24
29
122
82
124
83
111
85
29
13
56
109
136
132
122
143
56
118
109
21
78
80
129
88
37
126
132
7
141
117
41
107
10
104
123
93
130
109
126
16
127
145
66
55
142
132
143
130
97
50
39
74
105
86
97
44
100
34
64
92
121
129
72
142
3
36
28
112
15
127
0
101
58
119
114
114
73
64
18
85
123
104
14
71
59
104
93
42
15
83
139
111
79
23
99
139
137
113
118
30
127
93
68
52
97
27
107
136
11
61
17
44
49
100
62
87
143
135
139
126
42
98
22
3
74
31
124
74
111
39
34
115
10
113
5
16
62
120
74
90
73
6
39
65
75
142
68
44
65
7
61
13
50
26
94
134
23
101
81
123
139
111
57
80
112
0
4
123
139
92
97
51
56
141
93
139
73
63
66
108
140
15
5
39
9
61
77
43
141
110
120
108
141
131
56
129
26
41
23
126
129
27
95
122
39
126
127
3
84
86
140
80
63
74
32
75
113
111
32
76
102
6
106
13
137
119
41
77
94
77
96
138
35
98
16
0
37
134
22
10
108
79
129
104
3
3
127
6
65
78
45
50
87
103
21
97
142
71
57
56
17
82
51
71
18
83
120
89
35
112
59
144
128
43
137
129
133
72
82
78
102
14
57
140
67
47
40
91
104
43
96
24
105
10
83
97
13
102
77
9
14
71
118
137
113
22
49
93
99
110
85
65
128
28
20
13
33
39
85
22
29
82
138
75
102
135
121
82
65
1
104
80
67
5
50
96
119
8
105
73
83
38
119
122
20
7
100
115
124
29
132
58
131
44
38
109
125
116
54
53
131
78
6
86
46
70
31
109
98
51
4
22
50
78
78
77
104
134
106
119
116
58
45
69
110
7
113
48
91
92
105
2
141
99
27
31
62
110
125
87
109
98
47
99
86
114
81
96
115
71
47
26
53
145
67
91
32
17
133
137
62
135
82
10
35
93
138
83
125
68
54
90
96
17
103
14
92
51
38
102
109
28
30
108
52
5
17
37
126
116
131
64
137
90
144
40
67
127
120
63
121
42
127
24
19
133
33
97
55
98
43
110
64
15
57
65
34
74
1
76
14
91
27
84
35
48
114
66
55
36
48
35
114
144
116
3
23
94
65
88
98
36
60
124
46
26
131
85
99
79
21
8
33
29
53
88
6
95
0
57
17
43
77
29
126
136
44
58
54
145
7
135
49
133
127
143
24
50
28
80
110
69
120
48
85
61
30
51
143
107
112
103
24
22
22
15
12
94
125
46
80
81
94
125
22
9
114
32
44
13
89
79
19
32
95
5
137
116
87
84
25
30
102
38
83
34
140
59
144
40
37
103
118
41
107
62
130
38
59
53
102
128
134
23
7
50
21
40
138
111
43
29
0
123
43
64
141
89
108
15
94
12
10
131
34
136
45
136
140
8
77
4
124
11
68
72
18
124
59
83
70
20
123
88
116
135
110
63
103
23
117
16
118
28
40
17
64
125
2
140
104
107
29
27
139
17
43
75
44
30
81
28
72
66
40
49
70
104
142
138
111
100
128
92
137
48
37
121
3
1
131
89
133
89
11
0
45
52
83
9
16
69
108
37
5
94
76
79
57
136
69
85
140
12
18
88
2
141
130
113
3
1
102
115
30
116
110
132
70
20
23
97
21
46
65
72
136
68
140
19
133
89
35
98
79
54
103
70
141
41
106
129
112
68
54
22
141
36
94
96
6
38
46
140
105
47
20
122
7
130
60
63
77
99
62
106
100
77
7
54
105
39
61
33
144
110
67
26
122
114
136
4
65
63
34
58
139
44
62
99
32
100
130
75
85
23
1
59
42
78
134
124
92
72
105
31
94
38
65
114
37
77
25
91
101
57
35
30
28
10
143
23
20
58
66
44
100
9
108
40
113
71
54
76
88
22
20
63
12
64
111
109
8
123
8
4
129
47
137
134
121
115
66
118
64
46
47
8
124
51
68
92
12
24
132
41
135
1
56
92
18
49
66
13
33
41
62
45
18
9
132
90
74
111
95
89
128
100
121
111
32
79
37
23
14
15
125
47
96
16
143
76
81
124
102
125
19
51
103
126
53
75
63
31
48
48
82
29
14
8
48
52
120
142
135
23
98
14
85
83
73
0
135
62
82
55
33
55
79
19
101
8
54
92
2
128
124
80
137
90
100
10
2
118
98
30
75
37
54
78
82
113
52
105
50
17
123
107
127
141
68
119
15
47
125
1
36
39
52
133
77
64
87
42
38
24
37
94
106
1
75
145
30
93
39
126
14
32
80
46
7
118
42
135
119
44
32
40
103
3
21
5
40
87
28
18
129
40
36
49
41
43
15
143
91
33
93
114
56
58
90
139
58
53
91
89
107
144
75
25
70
101
88
84
19
16
50
50
96
105
30
61
44
21
71
94
12
69
129
72
113
48
121
107
10
13
11
18
47
128
114
106
46
54
55
57
128
101
80
66
26
21
137
104
90
67
133
28
60
16
120
18
19
56
83
116
26
94
122
31
45
52
131
13
69
115
109
5
112
37
58
102
112
81
52
0
108
116
65
73
119
133
83
84
9
125
31
17
7
124
70
118
89
46
86
69
145
120
87
110
40
10
125
42
35
86
121
32
76
132
84
105
14
20
34
91
137
79
61
88
0
126
39
81
29
94
31
9
81
96
25
4
41
51
107
39
110
1
11
88
36
96
120
16
98
140
55
13
138
60
120
15
113
60
48
109
89
96
61
33
95
13
12
56
20
35
31
38
105
87
81
39
57
115
120
33
49
45
73
89
53
73
74
59
112
51
114
67
24
50
1
74
77
136
80
116
36
45
90
93
42
48
3
135
15
2
32
2
19
28
52
97
71
38
78
22
5
115
69
115
120
132
129
43
74
84
66
121
100
53
60
14
144
87
11
27
34
55
112
36
130
145
89
6
82
128
98
56
100
54
19
142
21
108
55
119
95
81
14
71
17
26
138
16
136
125
20
135
116
34
12
139
53
89
29
60
20
44
126
66
59
112
126
91
18
104
2
78
105
12
9
25
43
101
103
70
123
85
92
52
41
21
82
80
30
136
7
92
78
59
115
119
47
2
66
109
97
1
27
63
112
121
90
102
145
33
134
62
85
145
145
61
19
137
97
20
100
67
70
61
35
134
49
38
69
23
122
73
59
88
67
72
17
143
11
4
37
131
131
143
7
47
138
83
128
93
29
31
91
111
129
70
27
3
135
2
122
141
16
51
6
23
45
95
93
1
145
121
28
25
106
124
2
117
62
90
48
101
13
65
95
67
24
8
78
54
140
138
144
47
60
1
63
64
51
68
134
106
27
45
123
86
42
12
49
79
10
64
76
79
93
57
131
91
25
57
88
95
145
6
16
45
99
68
76
40
87
136
117
111
37
132
41
26
43
105
77
34
31
85
43
8
64
39
142
95
68
79
104
142
143
57
34
78
18
24
65
96
26
99
117
123
106
103
42
25
67
73
12
25
110
117
107
96
60
46
62
74
64
145
113
130
85
119
126
17
29
55
36
88
87
92
117
133
75
45
0
84
82
38
63
62
116
4
129
3
80
127
75
35
103
50
86
103
86
127
27
117
98
137
133
125
61
139
141
5
91
68
71
33
47
39
140
36
19
117
61
16
145
5
89
52
112
57
6
60
109
113
70
9
56
113
113
132
74
60
66
52
0
20
135
85
130
107
19
130
66
125
11
28
121
7
93
134
102
144
34
38
95
27
127
132
4
121
55
21
61
82
50
111
109
25
138
100
83
69
123
131
8
8
75
120
52
120
35
133
110
94
1
36
32
60
108
42
127
41
124
4
46
99
27
54
72
37
60
128
72
86
49
71
25
97
41
115
18
78
50
28
63
54
9
111
11
84
130
35
140
5
73
62
76
142
62
118
79
69
122
22
74
126
55
53
144
53
7
90
81
11
15
88
87
97
86
26
133
121
84
22
59
43
25
95
88
70
115
116
