time: 60001ms
iterations: 562291
color types: 409
conflicts: 139
colors:
381
397
267
350
10
352
117
168
233
192
360
235
120
120
33
288
55
70
243
248
342
122
138
136
264
190
176
408
157
50
245
187
407
215
363
351
90
355
4
115
109
58
346
81
338
266
186
115
398
257
339
108
181
30
334
50
72
30
210
174
183
278
317
189
225
339
182
54
384
58
210
153
122
335
89
284
67
57
182
218
181
232
293
275
385
5
22
305
295
306
88
192
142
75
190
321
163
135
7
90
19
156
36
203
169
391
185
230
104
185
212
17
191
237
361
180
224
368
242
212
122
17
40
64
166
389
23
211
345
281
152
39
154
328
105
263
192
384
77
98
89
180
380
181
244
206
114
205
398
331
281
330
305
387
302
257
120
169
159
374
321
141
28
146
387
82
209
356
242
245
122
199
369
74
296
286
37
399
359
261
101
204
97
7
257
65
196
29
33
215
136
56
234
172
176
319
8
10
170
273
397
283
80
137
240
306
375
65
46
4
32
345
322
389
160
391
329
80
268
375
314
232
74
246
171
150
3
368
370
117
96
373
219
46
95
389
371
42
405
96
137
291
160
315
174
84
313
33
153
320
225
40
218
201
350
285
211
128
195
298
25
113
186
18
265
59
104
369
361
339
136
250
232
218
81
39
23
224
219
129
403
133
269
217
257
247
197
81
338
151
63
23
164
234
270
102
138
218
383
322
77
362
395
142
167
43
281
175
279
177
278
171
204
266
54
132
324
356
160
134
158
74
394
332
144
315
64
21
356
9
350
244
5
132
374
238
79
271
85
140
355
213
318
16
13
188
305
293
45
351
342
336
179
224
27
236
404
23
402
277
116
302
267
222
2
277
85
170
301
406
74
265
95
216
253
28
222
189
199
279
307
293
359
97
288
315
272
24
170
375
96
347
171
83
53
274
6
294
209
11
311
58
121
113
142
78
370
241
194
392
101
299
76
402
21
239
88
131
290
332
268
52
139
41
336
364
264
210
106
132
246
346
377
273
147
373
90
325
251
65
286
107
396
328
111
344
270
84
310
217
404
206
308
285
78
3
73
25
108
275
360
321
260
235
126
175
48
155
117
317
57
295
347
372
376
263
326
154
267
215
141
321
207
336
243
358
230
231
0
212
99
369
107
336
249
181
280
364
184
162
297
392
183
388
220
36
208
400
328
45
290
38
68
151
147
327
179
9
52
354
111
167
54
408
316
20
234
164
358
60
57
84
179
370
208
182
21
233
338
246
269
225
306
118
155
395
333
262
69
177
91
359
51
255
335
347
5
246
240
151
400
165
188
182
192
61
238
25
14
381
301
141
94
255
124
153
120
371
380
208
2
63
18
319
99
206
407
386
337
231
333
166
113
242
48
93
146
340
316
290
135
303
329
365
367
37
228
241
401
149
401
162
249
250
210
85
170
323
145
331
61
158
388
179
47
282
299
234
382
105
345
103
361
244
269
367
254
362
168
12
366
384
275
190
103
305
367
75
239
216
75
344
157
62
54
156
259
337
284
403
252
340
201
339
398
324
134
9
360
220
44
19
128
308
199
93
390
219
121
359
362
230
56
393
300
72
101
77
35
121
302
124
93
307
38
381
197
196
53
125
134
373
181
317
299
319
222
335
384
115
405
357
173
375
65
18
247
300
394
400
386
303
116
91
226
243
17
283
362
98
3
308
364
220
304
129
111
328
91
255
3
92
135
109
227
4
101
300
273
406
326
156
173
66
18
391
235
242
278
227
89
100
237
128
159
373
129
1
9
19
275
296
280
204
377
260
76
31
372
221
286
270
363
34
187
166
228
233
71
208
103
338
133
241
276
152
200
114
282
322
399
205
343
380
185
381
18
237
293
238
174
309
349
394
123
205
10
319
109
104
296
145
79
388
285
132
309
348
43
324
262
145
329
272
240
107
83
369
255
155
234
280
331
22
104
314
193
229
349
329
378
87
311
28
228
340
82
99
341
5
313
124
83
143
174
196
207
225
404
29
156
292
131
199
35
313
68
40
335
332
233
34
276
283
56
165
64
47
1
73
11
167
188
238
377
281
320
265
183
408
228
291
255
72
277
107
236
16
38
11
143
163
42
22
320
401
17
292
238
149
166
198
199
347
286
244
219
59
66
201
217
107
236
406
110
246
44
189
18
97
343
61
164
269
284
165
325
226
245
385
97
49
123
261
197
302
111
42
28
368
153
180
49
134
219
297
79
6
177
30
121
67
347
195
149
393
209
22
45
139
168
301
202
150
272
133
243
331
195
323
46
326
353
49
148
327
382
312
191
88
123
127
398
362
95
387
386
288
124
211
358
274
400
247
181
385
75
287
344
366
100
180
163
298
0
42
153
271
232
112
203
69
374
26
250
402
312
176
390
198
316
1
4
19
290
341
376
87
344
241
346
15
213
62
395
2
378
105
31
299
372
108
399
390
338
361
92
36
258
306
308
346
376
324
148
335
179
310
168
225
259
202
178
63
327
83
230
387
118
140
333
357
297
120
398
88
353
192
365
334
314
284
304
282
125
16
172
383
71
195
271
265
220
112
92
122
128
325
73
143
252
116
56
139
286
176
95
52
355
277
159
109
365
348
60
12
222
34
247
380
296
13
209
83
12
221
0
407
5
214
249
397
365
58
110
372
359
140
329
174
251
251
277
42
161
314
262
281
52
13
357
258
131
280
223
337
378
383
107
147
135
90
322
254
268
313
333
303
329
399
142
64
309
92
99
6
146
172
350
77
176
214
162
4
345
136
217
207
53
71
155
59
395
149
343
74
64
47
152
94
272
270
336
379
86
302
367
29
280
144
92
102
32
403
316
291
79
353
198
10
264
16
172
301
239
304
89
249
11
405
21
312
326
203
12
248
355
303
408
139
60
249
227
48
32
114
85
251
161
263
307
271
218
323
177
341
20
66
312
287
266
15
106
105
206
193
149
78
112
60
70
127
259
279
327
273
351
252
354
150
276
388
13
300
267
288
195
113
139
253
23
19
186
115
91
318
402
178
157
396
298
6
173
21
240
188
268
197
265
287
184
84
63
352
339
146
98
147
44
392
394
71
28
82
92
69
102
235
381
169
56
175
0
177
386
164
350
194
229
69
70
10
133
264
50
161
20
304
1
309
143
215
294
248
110
240
295
311
237
145
14
79
14
51
310
295
275
121
52
161
80
395
366
330
148
50
301
348
51
82
343
300
258
318
81
110
49
191
137
8
224
102
100
6
43
363
305
216
129
186
93
240
321
229
54
245
125
66
306
158
33
261
230
312
379
194
143
58
378
111
65
317
103
392
32
229
163
86
190
406
330
274
123
86
239
27
375
262
141
98
119
30
237
316
377
138
95
60
205
341
183
366
396
66
399
80
150
114
356
371
363
330
310
68
206
1
118
369
352
235
154
382
126
67
365
260
262
261
258
89
397
382
289
228
32
134
221
406
118
55
231
203
117
223
130
133
239
324
385
379
24
253
184
193
354
334
352
376
364
102
129
393
127
405
116
193
159
376
84
371
59
166
296
55
142
165
37
67
207
231
196
304
40
50
357
69
226
407
87
357
401
130
100
157
131
149
82
285
96
185
254
70
76
374
115
193
27
187
33
24
94
383
39
161
370
264
151
200
251
228
312
187
358
323
59
396
51
389
260
34
256
334
310
221
266
187
391
162
46
208
31
25
351
392
165
145
26
252
270
401
47
158
388
352
204
358
43
292
48
73
349
14
94
173
183
407
110
13
363
377
319
106
278
201
298
394
68
73
57
26
197
119
69
207
361
119
307
294
279
232
223
248
404
348
17
8
135
276
20
243
53
116
202
104
41
41
42
126
212
194
366
63
148
269
318
80
40
215
253
172
26
25
250
295
383
287
178
160
379
202
136
24
259
41
27
137
90
182
242
11
390
332
252
152
272
273
118
162
77
76
315
20
155
192
49
98
61
7
70
403
368
261
130
173
170
108
330
55
292
45
23
397
205
27
279
167
175
15
271
106
8
70
213
185
16
236
43
332
152
67
403
24
378
289
226
408
267
87
78
117
297
204
81
224
146
39
331
134
216
68
73
72
214
157
55
404
247
384
337
61
199
180
217
162
203
282
298
374
140
99
295
315
276
158
291
200
9
124
127
108
39
322
346
7
288
198
184
391
14
370
91
15
72
94
233
221
304
252
354
112
392
320
30
202
22
307
119
62
101
131
223
38
135
274
100
266
46
51
343
188
400
256
374
368
367
119
341
284
154
396
97
256
196
167
382
29
15
0
325
38
364
144
222
186
53
319
371
254
168
385
223
334
217
128
342
141
311
193
236
169
35
327
78
353
186
299
393
257
289
311
48
393
263
250
210
283
2
178
147
36
340
35
318
308
151
323
297
112
45
383
159
191
200
156
125
37
372
44
285
256
224
189
274
340
254
88
138
389
34
171
31
103
227
31
328
160
333
360
45
85
253
226
332
309
130
96
405
213
12
337
86
258
348
137
349
287
342
268
294
184
259
41
194
93
175
328
7
62
327
289
57
71
86
220
386
3
344
325
263
37
62
140
76
126
256
211
355
144
214
35
