time: 60001ms
iterations: 189498
color types: 260
conflicts: 735
colors:
99
82
121
219
92
201
113
184
83
16
255
217
76
134
115
13
138
158
113
211
54
46
179
198
103
238
53
101
203
159
79
80
58
179
216
7
212
60
178
34
149
114
163
104
173
182
35
78
254
181
112
28
232
20
165
146
142
1
248
18
68
162
142
190
229
254
250
17
255
131
250
210
223
44
143
11
87
48
168
48
198
19
5
119
134
171
44
125
208
80
145
146
80
97
58
188
68
111
234
92
248
156
14
138
242
38
36
170
231
135
39
42
117
173
120
210
71
190
23
159
157
64
141
191
6
165
87
102
82
152
159
53
250
223
121
44
65
157
83
219
170
146
244
23
165
164
1
109
71
101
226
162
109
174
0
258
121
25
87
52
175
59
203
147
38
128
116
14
174
253
61
256
212
254
204
143
93
100
9
221
71
49
63
228
30
133
192
129
205
200
236
171
34
24
110
181
258
43
13
163
94
118
149
227
24
140
51
222
199
53
27
48
252
50
81
130
0
184
199
74
91
180
59
209
131
182
230
209
121
111
144
140
235
167
259
211
6
250
113
100
159
145
174
220
125
246
184
255
5
188
103
223
220
124
131
102
100
233
185
60
236
139
224
246
173
34
203
22
94
252
254
120
18
214
24
31
173
240
203
28
135
49
115
150
132
81
152
28
195
166
233
221
71
11
223
87
257
56
114
222
138
160
189
46
33
100
21
70
159
240
52
208
118
68
225
53
182
139
195
154
64
234
70
37
127
48
178
196
24
22
257
210
38
174
174
72
237
74
231
60
93
165
35
146
246
216
182
193
86
146
58
157
29
132
166
247
78
142
187
187
165
184
104
254
181
108
162
143
58
73
152
134
249
259
215
4
188
245
86
85
208
251
57
132
166
191
23
145
254
62
40
112
97
100
241
138
236
191
111
11
6
199
132
204
2
50
120
23
214
61
8
210
199
129
69
200
34
239
46
12
246
34
156
176
15
125
23
148
39
79
148
84
30
142
76
169
223
102
194
220
82
172
222
38
22
1
218
105
54
112
189
177
75
120
28
23
21
23
98
138
187
171
2
117
103
240
125
225
63
174
25
253
74
154
256
112
224
255
111
88
187
158
22
111
69
78
147
17
132
27
186
165
195
53
94
185
152
87
65
208
169
183
255
90
27
81
226
176
151
39
234
36
15
206
67
18
226
180
101
103
256
89
157
250
107
91
50
108
192
20
135
110
98
84
220
255
174
240
179
253
84
163
213
20
39
55
93
225
11
226
108
82
37
89
13
195
67
199
245
201
139
248
79
128
64
198
1
100
164
199
61
235
26
228
233
256
123
207
98
10
244
16
42
33
215
189
71
65
20
187
127
205
255
123
96
250
139
125
106
222
3
46
227
73
89
160
107
15
145
133
50
194
228
10
203
169
136
148
63
94
246
88
149
157
227
216
110
191
224
164
143
232
49
161
9
35
130
64
94
86
133
81
85
33
129
219
111
120
177
95
106
59
189
117
55
107
211
70
251
133
247
145
23
119
191
143
168
47
97
21
196
221
241
257
258
208
66
5
22
217
117
38
236
53
6
246
116
185
147
74
8
164
27
217
212
138
243
56
49
220
112
0
223
128
251
162
163
221
251
137
166
79
97
92
249
150
136
43
192
50
172
117
227
244
165
126
198
8
127
35
170
185
101
193
28
237
161
145
66
180
30
41
56
130
87
83
90
99
139
53
114
190
257
74
161
94
254
64
30
96
66
228
78
53
165
100
47
90
202
5
103
28
96
204
153
158
100
7
155
7
63
28
207
85
28
100
157
125
30
119
220
1
174
107
191
49
142
102
223
71
163
203
35
183
103
28
26
173
163
123
9
73
212
184
206
171
41
240
117
125
54
178
231
214
106
160
190
64
234
118
234
213
11
242
180
130
242
52
16
37
45
165
61
101
203
30
31
162
168
115
231
116
104
251
242
148
209
185
148
95
86
159
112
48
127
103
65
31
199
102
224
231
172
44
34
226
26
6
206
224
225
230
27
116
106
110
197
91
192
157
226
72
167
119
17
68
178
10
109
24
132
53
102
136
63
99
220
224
148
177
159
32
208
178
176
123
112
58
98
163
158
199
13
151
212
87
166
209
7
138
130
104
68
130
214
198
2
26
6
20
205
106
61
235
159
86
31
218
62
147
227
32
252
241
140
43
14
94
3
59
72
246
107
158
245
170
140
205
141
3
220
258
258
253
102
250
136
36
12
17
234
113
173
97
258
205
220
93
20
200
19
116
86
238
41
206
110
63
85
167
14
152
177
37
158
205
12
70
34
196
23
235
21
103
207
151
36
185
18
165
54
117
95
39
152
238
48
167
157
102
75
223
228
69
196
215
208
41
254
172
234
122
126
173
30
95
243
91
200
179
217
29
82
2
64
140
243
96
147
124
139
217
78
33
151
137
185
99
43
51
136
211
150
83
98
32
127
114
30
247
41
119
215
15
158
179
72
198
210
136
99
188
194
134
137
164
153
86
150
8
104
37
156
118
204
218
145
106
84
154
121
107
93
145
189
164
213
92
54
42
218
80
157
173
197
104
71
120
179
90
204
217
113
54
106
146
73
41
82
12
0
81
115
232
112
186
243
81
175
137
68
236
219
143
99
52
115
245
64
206
44
105
231
107
131
90
154
19
161
144
108
196
12
155
55
210
140
163
256
184
6
123
168
210
151
226
233
166
19
180
79
79
125
8
2
162
119
66
132
221
151
46
250
245
45
152
188
53
181
179
159
135
22
68
168
137
181
141
122
251
182
120
178
73
237
105
50
232
77
251
55
63
151
89
228
214
258
1
141
195
228
54
208
146
89
62
140
160
23
192
221
202
143
49
191
101
117
247
28
5
213
40
196
209
8
107
74
179
226
158
156
166
6
91
207
184
74
98
78
142
87
63
235
245
61
106
165
53
149
248
15
114
86
91
96
39
253
134
173
4
12
243
18
226
35
127
181
257
67
15
60
72
57
187
105
5
237
109
136
111
222
101
156
218
155
136
51
122
45
157
47
225
29
16
131
73
195
253
132
197
189
118
8
48
232
34
63
229
101
226
117
91
252
145
156
56
56
37
20
78
8
28
154
241
83
96
136
73
238
207
216
60
76
249
189
164
245
67
59
1
204
72
1
33
87
249
85
237
96
78
42
62
203
1
126
130
89
47
153
148
96
1
228
81
194
115
209
80
257
98
228
126
162
232
4
219
203
207
59
108
155
239
130
131
243
227
6
173
215
21
200
2
257
242
148
40
189
161
88
235
42
247
141
206
235
205
129
229
54
168
86
156
159
224
17
13
85
140
176
238
86
129
132
178
83
150
93
86
159
36
107
253
2
116
194
196
33
57
96
173
150
197
111
237
130
122
29
184
176
239
251
153
111
163
57
218
204
233
7
84
131
186
36
138
27
193
141
75
15
121
205
117
86
142
210
164
155
55
164
94
204
64
140
3
15
22
71
251
144
69
213
258
259
65
126
77
149
137
204
217
58
80
231
39
164
225
121
110
53
95
186
90
109
7
254
29
73
89
99
80
39
186
13
114
202
52
2
229
159
254
98
10
109
210
219
185
78
242
18
229
54
38
5
50
23
138
27
227
23
187
238
242
49
88
42
237
74
105
33
72
101
208
219
102
45
85
258
50
238
139
133
50
188
152
141
6
126
192
250
171
204
20
145
166
75
171
199
16
232
53
56
68
70
115
206
235
93
214
31
15
209
208
82
182
201
147
245
191
109
62
210
60
12
59
213
77
18
149
246
91
118
14
134
32
114
240
14
51
30
202
37
43
196
143
224
168
205
153
171
148
113
47
172
65
198
147
140
234
256
131
168
211
98
37
32
203
6
248
252
159
23
241
106
216
171
171
242
39
255
51
224
146
7
68
39
180
36
104
158
133
176
35
11
118
185
187
244
197
135
185
123
160
170
251
222
0
12
94
1
243
245
59
28
170
6
215
111
83
40
124
3
149
211
102
76
85
154
134
233
41
125
227
200
203
133
188
166
186
147
229
143
140
17
13
104
106
256
95
216
107
97
56
24
250
246
71
85
26
3
236
207
13
108
180
11
82
113
236
170
19
71
132
75
242
231
181
258
132
132
202
113
10
122
194
64
211
30
67
35
187
75
168
167
16
103
155
23
62
21
100
213
227
108
84
57
252
56
238
144
255
29
15
153
81
2
69
237
221
247
244
73
213
127
41
46
120
103
67
139
32
61
208
16
193
37
5
199
58
237
121
138
122
156
69
114
241
77
254
39
185
236
247
6
199
226
218
229
209
46
85
31
74
42
202
217
225
34
197
13
67
4
146
159
9
111
253
155
142
93
17
46
95
180
92
22
257
189
190
116
118
149
192
32
67
215
112
114
196
59
68
112
5
55
155
187
249
76
77
21
155
215
197
189
110
190
134
252
19
93
247
112
41
119
54
42
179
87
69
45
182
147
66
195
239
123
75
124
167
69
183
194
174
4
126
155
103
190
250
158
176
133
211
134
133
245
206
174
221
126
229
77
58
201
126
205
44
132
171
135
25
161
4
255
236
75
7
2
102
71
122
241
126
101
153
79
32
0
246
217
116
17
125
51
126
211
113
129
54
53
9
105
234
6
157
197
139
45
20
60
148
239
181
92
218
121
211
193
170
38
162
61
26
255
133
230
211
31
202
118
61
130
154
257
18
97
256
137
49
14
161
65
122
45
119
240
112
22
36
72
37
246
140
241
252
32
184
73
61
244
91
76
139
109
259
129
147
181
167
248
59
137
55
37
161
50
218
193
164
170
196
169
128
197
93
149
106
55
200
170
254
188
234
199
38
177
207
147
97
164
56
94
122
90
222
109
46
168
179
171
27
190
45
247
51
219
24
227
63
234
161
154
16
255
150
169
40
73
90
66
110
184
21
225
136
98
109
153
43
63
204
162
142
128
32
15
160
148
2
27
44
173
9
141
213
222
29
56
72
150
195
246
113
258
63
147
151
234
171
186
207
85
229
47
52
113
122
175
116
252
102
192
93
140
180
131
77
144
183
95
14
71
11
176
158
134
233
47
41
75
211
79
153
217
80
253
14
31
120
74
231
95
177
64
25
212
167
21
88
51
259
25
169
240
216
55
47
89
95
183
177
169
95
182
253
4
241
238
232
126
61
65
35
26
4
47
104
9
42
239
31
201
13
233
34
201
92
243
124
185
202
67
68
27
206
40
178
59
248
242
114
88
236
240
133
230
69
3
10
145
231
111
241
7
212
62
76
222
185
44
206
77
87
124
169
219
184
163
110
139
205
57
40
236
63
78
12
156
240
101
228
138
131
123
67
177
256
222
2
218
232
19
252
1
30
34
137
195
79
192
157
207
195
108
100
84
46
48
245
156
222
202
19
237
218
207
197
91
179
130
154
181
43
24
248
192
124
24
159
159
114
207
105
180
52
250
158
6
193
0
159
214
190
45
21
17
234
129
183
177
251
101
123
253
96
194
248
174
208
105
205
108
135
82
137
193
182
213
108
64
248
218
97
172
86
87
237
11
110
242
183
41
168
134
34
80
26
198
243
17
75
8
189
190
133
212
55
214
168
203
89
175
255
221
38
161
167
115
169
50
71
84
169
77
152
181
255
186
118
110
103
197
88
10
150
179
205
31
193
70
241
217
23
126
149
4
253
221
45
95
177
254
8
31
30
201
15
109
89
196
0
238
123
257
194
15
84
246
259
217
41
164
201
176
96
8
177
160
182
202
214
82
244
62
199
145
239
100
172
147
91
186
60
130
226
54
175
202
136
57
207
157
237
135
122
97
134
131
94
245
208
121
90
195
108
166
157
25
51
111
97
182
154
12
161
103
122
128
115
72
191
243
66
195
131
115
98
242
140
204
258
52
160
21
49
160
243
52
174
16
230
239
96
69
184
128
120
74
225
138
124
36
257
128
144
228
249
92
201
105
74
220
177
237
89
54
47
149
151
14
17
137
253
51
66
173
252
60
177
53
36
107
115
124
0
115
17
246
88
59
52
242
88
214
124
83
182
118
200
178
9
84
165
228
50
205
257
56
3
45
151
88
88
211
127
201
94
43
66
124
209
97
190
212
32
150
98
187
224
99
54
70
69
67
166
109
124
125
192
154
92
216
24
189
85
174
171
226
14
84
186
119
224
66
59
211
223
82
7
190
0
9
35
174
191
156
85
69
49
233
83
171
82
248
223
211
137
147
42
114
11
152
110
3
36
221
2
259
241
11
19
81
25
44
139
118
150
195
134
155
11
243
198
36
135
132
148
40
175
201
114
150
116
65
116
247
123
163
238
35
157
70
25
119
79
248
222
161
111
83
79
223
223
126
193
226
231
134
82
152
0
50
36
56
43
42
62
144
16
114
0
200
121
134
244
181
201
225
166
238
68
47
196
42
4
169
198
168
192
158
90
39
20
191
175
232
47
162
244
71
172
90
243
248
225
2
4
244
206
144
0
243
117
64
65
75
151
179
25
256
85
207
145
20
62
90
131
173
178
175
8
92
214
76
185
257
220
17
239
21
61
36
146
239
254
40
208
19
66
162
25
146
195
147
9
29
63
73
191
206
20
144
127
200
117
191
33
45
90
198
154
60
142
107
100
9
241
231
161
49
130
163
214
233
94
121
76
62
79
140
212
209
118
141
127
227
31
190
21
136
43
222
146
155
142
79
131
75
20
57
213
98
230
70
214
105
212
70
150
247
31
178
45
187
180
129
191
235
141
73
166
239
38
10
25
24
28
68
108
172
74
139
202
189
148
102
256
237
13
238
65
71
110
22
19
235
157
259
112
51
17
218
199
63
119
44
202
51
86
258
184
29
176
29
63
201
225
19
231
29
45
180
179
152
194
172
5
51
14
44
92
20
97
164
190
216
48
66
189
231
155
247
254
135
16
25
108
230
106
59
101
16
249
89
5
156
92
216
249
144
38
244
235
227
222
215
78
259
178
122
184
83
35
77
130
71
143
49
151
189
101
169
7
64
22
225
143
160
29
17
76
120
100
125
52
189
58
62
139
109
123
153
26
48
217
161
103
119
119
188
39
3
212
190
8
36
91
92
120
80
182
142
46
113
180
203
66
154
151
64
112
179
105
230
49
137
178
219
131
236
173
24
145
181
77
140
47
239
225
167
136
27
97
115
35
246
81
125
72
88
60
209
52
108
67
183
32
259
191
89
82
75
223
240
72
152
151
200
186
52
117
80
184
35
224
0
221
229
233
252
27
30
137
73
202
58
95
213
141
209
256
224
150
230
61
7
253
43
78
133
244
122
40
135
25
84
57
142
88
209
44
144
189
29
83
241
143
15
203
244
223
200
83
175
40
20
1
125
26
81
167
33
183
218
91
105
244
128
161
235
62
43
147
91
149
10
70
138
149
58
42
215
224
58
188
24
50
162
112
234
115
167
210
51
192
128
102
24
131
230
168
250
152
234
109
187
3
119
25
172
96
46
5
198
227
193
127
61
187
220
188
104
200
5
201
105
78
156
176
215
77
68
89
127
143
183
170
232
16
90
13
210
153
174
52
176
186
161
84
78
90
9
48
90
144
127
111
12
160
218
88
233
14
183
40
124
179
106
141
230
29
104
54
49
150
29
174
227
144
247
241
13
67
236
15
238
104
7
33
137
216
61
231
171
142
9
44
76
33
135
153
242
153
143
202
104
250
101
228
170
8
180
196
49
40
194
20
251
222
218
248
229
152
167
160
18
105
240
98
229
220
186
52
128
157
93
10
221
162
166
141
132
216
96
176
98
194
200
79
210
197
37
215
213
129
156
205
202
215
10
206
151
166
43
32
12
41
3
148
216
227
169
175
26
48
144
233
204
18
256
108
66
160
81
127
96
10
259
12
136
25
167
34
209
146
240
103
220
238
77
128
123
42
232
126
106
32
76
151
3
108
7
230
129
10
243
246
99
247
4
245
4
116
76
105
226
51
66
249
181
139
38
153
48
31
176
208
55
84
185
55
229
194
214
229
177
21
27
21
139
28
212
256
82
229
121
16
18
190
144
205
183
117
192
37
87
53
242
35
18
115
197
26
169
143
19
145
160
196
26
232
74
187
257
57
46
194
11
165
77
172
237
146
235
175
136
19
55
56
239
185
162
239
113
251
19
107
55
91
44
212
183
236
104
9
27
74
144
128
75
209
70
247
105
237
231
191
114
210
123
182
68
235
213
243
68
22
244
36
13
248
58
207
9
99
120
102
192
220
232
238
83
65
129
190
169
7
46
144
255
34
223
251
74
25
31
155
193
198
172
84
149
78
250
12
26
60
172
156
42
103
104
30
114
120
204
45
210
188
128
249
235
193
199
13
256
39
67
81
135
97
80
212
217
195
178
21
81
22
109
7
37
62
2
176
66
57
9
152
115
155
171
2
83
34
10
56
254
129
135
94
121
95
110
168
181
80
170
125
163
165
99
29
27
192
88
194
231
243
242
216
18
43
106
230
58
84
175
178
6
213
232
228
259
193
117
141
92
94
250
107
76
232
198
70
175
206
148
15
55
183
185
86
57
120
129
219
201
91
72
105
118
99
150
219
50
87
33
5
70
203
99
116
116
113
249
69
253
75
161
163
3
19
16
65
56
108
138
219
3
180
182
163
99
92
146
32
184
147
52
143
1
215
225
65
230
133
245
249
65
60
186
118
11
174
252
47
185
259
193
18
30
60
240
126
85
73
33
252
208
80
59
58
160
170
22
233
142
180
69
11
221
176
3
204
94
26
12
196
175
240
126
167
8
195
48
46
93
197
104
67
116
130
173
22
148
57
158
37
71
119
258
77
129
12
133
210
215
80
244
9
127
164
198
124
183
81
87
3
24
128
12
158
5
33
154
125
154
165
201
219
73
229
117
33
165
61
216
76
72
247
5
28
183
252
259
228
16
226
62
138
38
39
41
74
166
4
123
186
37
43
200
206
248
245
152
224
79
57
187
95
44
149
134
252
246
250
10
186
197
96
249
24
158
57
1
249
170
188
134
56
89
149
221
40
11
188
249
77
181
125
5
160
124
156
240
109
215
197
50
32
207
153
68
97
23
93
67
242
82
10
