time: 2306ms
generations: 501
conflicts: 5
colors:
15
7
27
7
12
16
12
14
24
0
7
23
2
26
22
6
26
8
15
22
14
11
19
24
2
3
20
4
15
10
3
15
21
11
22
23
18
19
18
19
27
14
24
9
22
20
9
9
9
4
16
5
4
1
6
16
19
20
0
10
11
6
23
25
5
17
4
4
3
5
21
8
0
22
12
21
20
11
12
14
26
13
21
17
17
23
1
22
15
13
17
20
18
12
21
2
27
4
4
15
18
0
0
15
11
1
19
13
5
22
13
8
1
24
7
16
10
6
20
1
15
14
22
27
6
18
14
27
7
13
24
8
3
24
8
4
11
19
11
21
23
12
23
23
0
26
2
5
27
18
10
24
2
21
22
9
20
6
16
22
1
23
12
17
25
26
20
1
17
0
2
7
12
3
3
6
22
4
11
5
15
16
13
26
17
17
11
1
7
17
5
27
10
5
21
1
6
5
21
0
20
3
13
10
9
25
16
10
23
13
18
0
18
24
16
8
17
13
2
25
14
8
19
25
25
1
16
13
12
7
2
27
24
27
26
25
27
19
16
8
3
9
0
24
11
5
10
2
9
7
