time: 9315ms
generations: 501
conflicts: 28
colors:
39
15
0
24
29
10
23
5
43
38
5
3
32
12
34
40
23
6
10
47
11
35
6
26
14
1
15
24
41
21
6
16
17
26
23
14
38
3
17
44
30
15
37
19
15
3
4
36
25
0
8
24
19
2
8
17
28
44
41
32
15
44
24
3
25
22
4
48
28
0
36
26
29
32
26
20
21
15
9
46
14
8
3
27
17
18
15
22
3
2
12
24
33
42
22
36
13
45
33
35
2
47
23
18
9
42
1
25
45
8
20
36
30
11
40
16
44
7
44
3
37
31
18
3
1
38
21
20
21
12
46
48
33
44
44
29
28
47
48
12
43
6
17
2
22
11
38
34
24
41
0
8
33
41
27
37
6
47
16
38
36
11
10
4
36
18
5
11
19
2
13
31
1
33
24
21
16
39
43
44
16
1
19
28
41
23
31
34
30
10
13
13
23
28
5
42
0
0
21
14
18
16
9
0
10
17
34
46
43
47
28
17
46
16
15
21
16
11
39
44
28
9
23
44
27
30
19
4
1
44
30
33
27
10
22
34
2
18
5
7
12
35
30
28
14
43
45
20
27
0
9
16
17
5
13
48
10
45
39
31
10
27
23
42
35
17
39
43
29
0
31
33
37
20
42
8
41
35
23
1
8
1
0
30
23
40
26
43
25
8
10
42
23
9
45
45
46
40
27
4
7
46
40
43
18
15
41
7
8
29
25
48
9
46
14
34
46
8
41
21
5
14
24
47
11
9
29
31
21
9
47
38
22
31
39
4
31
4
40
25
11
35
13
20
40
16
30
13
45
7
9
14
40
6
26
28
32
26
36
38
10
10
21
16
3
34
29
28
6
29
32
1
47
13
34
5
48
26
20
19
34
37
37
33
45
4
24
5
47
25
4
39
14
10
2
8
36
22
13
7
24
0
46
32
48
48
22
10
39
25
34
45
21
1
39
6
17
12
25
29
6
28
20
29
27
25
27
46
7
38
26
11
32
38
39
34
27
40
36
13
35
12
2
31
42
26
11
15
45
43
2
19
6
30
19
7
31
16
22
24
40
9
32
47
38
48
3
46
42
4
19
41
6
33
22
2
12
24
32
20
39
7
37
17
19
7
41
11
25
12
32
12
6
15
47
32
30
35
48
36
