time: 41198ms
generations: 501
conflicts: 172
colors:
33
69
72
50
19
31
60
36
15
56
25
41
18
50
70
30
24
78
19
59
11
82
44
73
50
52
9
37
12
1
53
33
1
82
74
25
49
36
41
79
81
67
74
20
5
6
66
22
12
68
4
45
16
75
7
70
41
41
35
45
50
0
44
73
77
12
47
15
56
63
63
46
67
81
28
8
23
35
0
80
60
55
11
32
29
71
64
81
56
32
43
66
62
39
47
61
75
13
71
81
6
75
2
44
73
52
17
49
54
38
69
34
40
30
32
32
66
22
46
68
49
27
74
14
75
57
43
24
54
42
15
52
42
47
68
40
69
28
51
57
40
65
26
45
50
2
22
80
63
81
20
6
5
20
12
61
10
11
42
67
9
26
78
67
41
70
53
17
27
42
14
75
21
46
69
44
3
53
79
26
55
43
45
1
6
61
43
18
71
74
29
59
12
58
35
75
43
34
36
24
25
2
49
50
46
37
18
20
39
81
35
62
55
70
36
80
46
73
51
17
10
48
13
38
21
40
2
7
37
61
43
23
74
68
11
55
78
64
33
51
44
51
16
69
58
8
14
58
28
33
82
67
32
62
27
43
13
68
59
79
16
31
52
5
18
80
19
34
62
11
68
72
80
9
38
60
36
29
5
67
55
64
81
71
1
58
21
11
66
76
63
62
72
75
22
32
74
25
11
19
43
30
58
57
80
64
10
57
29
41
31
63
19
63
76
6
54
64
4
51
7
1
77
42
66
16
71
70
24
44
64
77
78
47
38
4
4
9
50
63
60
7
74
32
65
14
15
27
42
14
50
7
24
75
70
38
76
10
50
0
78
48
16
81
15
2
23
72
67
25
38
44
82
55
28
4
1
54
53
59
3
53
63
61
35
41
56
41
69
44
0
8
32
34
37
11
62
59
77
17
78
75
43
72
40
79
43
21
65
80
8
16
48
31
20
20
82
45
15
71
20
45
26
78
56
30
26
12
36
63
46
38
0
13
65
52
35
69
52
9
6
68
51
53
66
82
38
36
19
47
6
14
22
25
36
76
47
25
6
69
64
76
47
76
11
64
33
3
81
28
42
62
70
45
58
25
74
27
42
68
69
78
10
28
74
2
3
69
39
39
18
28
14
60
38
40
47
3
48
34
66
72
79
8
80
42
64
34
72
51
54
73
61
13
19
77
21
82
9
37
14
22
17
7
22
17
33
76
13
46
82
37
35
4
29
38
48
19
32
61
54
4
73
65
5
48
0
60
21
6
53
35
73
46
53
52
1
53
26
50
79
82
42
36
0
39
3
48
46
24
79
44
37
52
7
2
53
65
45
31
37
72
61
11
47
16
44
24
32
68
56
24
54
80
15
27
12
30
59
18
13
70
39
73
59
10
74
26
39
0
57
39
79
53
41
24
78
29
48
76
65
73
45
50
49
37
28
8
12
19
4
26
54
2
28
9
65
59
70
23
8
53
27
23
41
17
72
55
32
9
4
55
2
70
23
37
12
51
26
40
68
55
7
30
58
47
65
56
34
3
49
30
77
21
9
55
55
10
26
58
28
7
79
33
61
48
29
6
5
70
33
69
69
2
46
0
35
37
60
66
32
77
57
30
57
41
65
78
36
1
39
51
5
43
16
70
79
72
2
67
47
19
45
56
75
21
39
36
73
42
0
4
73
26
1
22
56
68
53
30
44
58
52
18
46
18
77
29
10
7
30
56
60
15
5
71
73
21
80
38
3
5
49
18
43
58
39
52
63
67
5
47
71
33
46
16
56
72
80
45
15
25
18
7
12
82
14
68
39
38
52
49
9
76
66
71
4
73
31
46
62
16
80
56
57
6
22
9
68
17
13
28
50
17
8
59
33
50
27
69
33
78
25
26
25
23
66
34
57
67
8
13
3
39
40
34
7
9
61
58
12
22
37
23
3
58
27
16
34
64
29
59
61
23
31
8
67
42
50
12
81
54
40
10
82
29
48
3
8
58
10
31
69
76
60
74
13
6
75
66
77
49
31
59
27
71
18
52
62
21
72
65
29
30
7
34
57
30
66
59
1
14
17
60
20
5
48
64
49
77
21
3
67
60
82
60
9
35
62
5
24
26
39
21
23
57
0
34
10
11
54
51
64
78
76
49
15
35
34
44
41
51
20
38
29
70
15
10
79
40
23
79
49
45
62
13
63
66
16
25
37
23
23
54
55
81
20
71
19
71
56
62
75
32
0
77
62
22
39
14
40
43
15
40
3
31
31
29
17
1
55
27
81
4
8
4
6
35
4
17
