time: 179804ms
generations: 501
conflicts: 873
colors:
126
68
108
18
135
110
86
78
19
118
69
103
107
29
85
69
70
93
10
60
94
104
106
133
123
106
75
127
119
56
100
128
112
18
2
17
21
87
46
130
138
29
57
8
114
30
7
12
140
89
6
33
106
108
122
101
114
102
50
114
24
32
0
139
97
54
0
86
72
61
81
88
133
42
65
96
61
23
13
143
37
77
141
133
52
121
18
72
93
37
13
21
19
58
35
111
120
136
107
46
126
54
20
99
1
81
4
125
51
9
91
58
16
23
46
126
37
99
75
86
20
85
23
3
43
68
91
51
23
40
33
29
95
4
47
79
30
64
32
118
65
15
38
103
97
140
101
120
120
131
97
132
80
52
31
58
72
4
128
140
108
20
96
36
125
55
113
66
95
117
85
87
57
40
46
145
80
56
30
141
34
44
136
106
102
105
76
57
133
82
31
75
12
56
17
103
140
103
78
101
141
40
125
36
11
22
42
80
0
58
75
34
99
13
131
139
23
34
116
4
106
6
24
94
115
105
10
14
48
37
139
0
8
61
96
84
136
33
105
77
6
14
100
91
82
115
14
29
128
104
90
28
45
19
130
17
84
11
70
55
99
59
88
114
22
69
127
97
13
37
15
123
104
34
116
49
119
1
135
17
79
81
119
97
89
108
68
120
112
63
20
103
52
11
91
72
136
60
133
66
107
105
41
95
20
126
62
40
15
129
36
112
133
27
3
142
49
127
141
95
40
18
0
117
112
73
135
95
10
87
26
96
116
52
134
16
76
28
37
69
88
87
5
72
64
95
55
21
22
49
8
107
29
104
73
93
80
29
50
86
38
94
105
35
22
86
137
98
32
68
111
32
109
2
114
60
65
49
29
6
60
53
121
47
92
139
145
142
11
96
128
23
46
41
137
122
48
31
32
112
29
94
137
68
53
144
77
109
56
142
61
11
40
77
139
28
113
133
10
112
70
96
14
115
58
130
127
136
39
54
10
51
4
97
89
94
59
93
138
48
2
112
43
43
6
65
15
128
121
28
85
52
2
21
143
27
127
20
68
25
85
25
45
35
116
74
143
49
44
127
136
69
140
36
31
41
111
46
94
112
123
86
139
11
105
141
68
109
42
7
140
122
110
26
40
130
132
49
115
55
3
25
133
99
95
83
95
9
17
47
0
83
5
90
56
113
35
100
75
3
32
80
34
47
17
138
93
35
130
54
68
121
87
44
13
90
72
16
89
65
75
101
58
49
63
72
60
47
14
129
123
95
77
36
62
139
85
70
67
124
109
31
60
114
109
82
29
65
130
93
132
58
72
80
75
92
48
67
138
23
9
103
73
127
122
54
99
100
124
69
53
119
82
65
38
34
44
81
97
126
62
104
5
72
50
19
19
71
50
6
132
133
4
87
70
26
82
131
142
140
93
109
126
65
115
101
90
15
74
90
2
137
64
5
105
125
34
81
62
109
8
44
92
17
51
117
24
16
10
33
0
41
109
131
23
68
109
136
91
22
42
45
74
125
13
53
78
40
141
69
13
132
65
24
87
6
13
111
30
113
89
122
35
54
28
50
72
73
129
58
62
3
120
84
102
117
29
49
48
82
73
66
78
39
106
40
10
110
44
107
66
55
20
60
107
54
120
4
104
69
74
54
97
12
123
19
78
64
43
55
60
129
118
76
79
108
46
28
40
82
102
112
79
70
25
1
1
10
76
51
126
141
85
90
67
64
20
60
50
14
98
87
35
102
134
42
145
63
81
137
46
54
69
22
88
38
11
139
88
9
31
7
119
1
5
71
31
102
39
19
44
3
86
73
61
9
76
26
84
0
45
144
91
33
70
33
67
134
99
103
116
8
58
11
62
14
90
41
82
80
99
6
53
46
70
30
0
41
88
76
85
1
26
116
47
36
107
130
13
104
128
121
121
24
76
4
14
2
27
141
41
92
5
118
53
18
26
22
51
86
16
52
84
77
30
0
77
82
142
15
117
126
118
141
141
77
103
138
85
98
25
7
56
119
102
80
91
65
132
67
7
10
108
132
58
37
4
3
33
22
137
67
3
75
64
85
8
118
119
125
28
80
1
9
57
29
12
129
54
21
142
66
39
18
21
6
140
19
75
47
106
140
123
77
117
115
59
83
120
96
20
144
10
117
79
79
108
32
67
78
129
76
3
48
55
19
40
73
123
41
72
98
94
91
127
110
23
24
136
7
78
81
118
143
115
35
102
126
41
99
118
34
113
19
125
69
62
135
43
62
136
117
42
138
130
105
45
1
10
82
10
12
110
53
98
113
63
113
53
100
123
128
4
44
114
78
61
127
84
48
79
102
2
66
104
90
112
43
98
130
128
85
7
12
31
135
100
129
9
6
10
124
69
48
70
13
131
92
103
119
126
25
118
108
89
37
76
60
105
134
34
20
38
18
8
54
56
138
15
78
26
26
90
130
96
96
120
64
101
136
83
142
8
75
25
66
144
144
94
66
27
79
55
79
1
142
77
130
30
71
34
11
93
29
145
27
25
74
74
137
51
140
118
50
127
17
33
128
110
47
0
39
71
38
103
101
140
122
27
61
41
107
27
116
25
110
54
138
75
0
36
2
131
134
116
143
35
19
42
115
77
92
24
120
38
34
107
41
116
108
41
57
43
52
86
66
41
74
114
139
75
145
71
24
117
8
84
62
10
78
122
135
145
113
57
61
15
126
101
38
108
104
28
90
32
95
119
28
141
114
57
42
67
40
116
124
69
131
124
74
51
43
89
49
62
75
115
73
65
21
109
39
102
35
94
96
40
15
39
83
26
36
134
43
2
63
67
61
11
53
73
142
116
12
142
11
63
99
98
81
4
104
88
70
27
25
90
115
70
137
39
135
31
16
84
21
94
24
36
49
93
92
11
94
106
22
14
84
78
115
138
66
39
106
64
9
2
78
26
37
71
144
45
70
5
8
24
3
52
102
7
49
126
87
97
111
120
54
92
38
95
27
74
69
111
117
101
82
124
117
66
121
8
36
122
93
48
137
120
35
17
108
18
30
45
116
18
125
47
100
88
124
86
108
111
57
1
99
37
57
86
21
144
105
84
59
87
130
121
70
125
97
144
102
140
123
4
68
95
118
36
119
83
40
127
117
139
53
48
31
28
5
93
27
74
126
131
23
8
63
104
98
111
71
114
47
81
125
48
27
106
38
97
125
87
26
71
43
61
132
121
41
69
52
25
135
145
103
110
48
65
93
139
33
66
72
111
41
98
62
114
66
14
12
122
110
35
9
86
57
119
124
98
141
90
96
83
145
33
105
111
39
43
145
25
17
134
108
8
68
46
42
32
55
79
137
23
105
31
136
132
33
74
2
143
7
118
1
50
46
56
46
16
65
72
2
118
45
73
142
32
77
6
139
110
105
85
14
64
96
140
102
52
76
60
83
131
84
63
129
72
107
66
42
43
110
112
89
17
17
45
134
29
114
21
55
59
71
73
8
93
19
84
9
64
128
115
55
98
16
113
99
2
93
98
100
114
79
63
140
138
104
128
89
55
16
134
42
94
20
71
123
120
141
115
0
89
111
58
142
124
125
92
64
133
128
95
53
49
38
63
63
87
136
49
113
109
3
132
59
62
80
71
116
6
123
129
95
3
93
45
88
55
33
51
91
12
61
53
43
81
57
108
37
7
5
24
31
71
55
144
45
80
39
16
22
144
112
47
127
88
131
145
105
22
124
56
85
120
80
18
115
100
129
1
144
99
65
38
133
64
118
84
69
45
103
9
132
0
134
16
96
145
123
76
117
96
91
32
61
83
104
5
129
22
26
107
67
92
134
121
145
13
35
30
67
1
67
101
59
115
50
132
54
76
18
82
83
143
44
106
4
56
138
36
56
30
138
133
135
19
98
143
55
106
127
13
110
47
137
17
96
68
38
50
51
36
144
21
122
92
83
59
49
67
44
12
113
21
107
27
137
129
39
77
135
25
94
57
121
112
15
79
119
50
119
144
16
101
121
142
10
28
19
65
18
16
43
50
46
78
136
134
89
42
48
57
33
20
55
86
7
59
19
78
37
143
101
125
128
101
32
122
128
17
91
20
9
52
64
131
38
60
11
18
126
97
43
9
144
37
139
37
15
75
87
124
126
72
2
3
52
6
111
76
68
23
56
61
52
97
13
100
92
63
57
24
101
57
67
123
92
95
63
12
51
51
31
122
1
14
42
114
28
129
32
74
109
30
97
24
33
67
7
54
16
14
92
59
11
140
108
15
44
34
30
136
82
132
102
39
73
120
46
59
85
143
100
76
70
103
106
10
109
121
62
135
5
122
44
124
42
48
12
51
70
19
88
107
71
111
59
123
123
31
71
81
47
39
119
34
32
50
134
88
134
21
13
124
136
132
12
53
44
135
36
104
80
27
89
131
83
83
82
79
122
129
56
60
25
5
125
113
38
47
111
90
53
66
74
51
131
58
74
139
103
42
37
89
143
7
91
39
3
14
63
78
79
62
83
140
130
73
7
53
8
127
35
95
45
143
15
134
23
35
94
26
94
50
22
