time: 300150ms
generations: 361
conflicts: 519
colors:
51
237
380
316
162
50
300
106
407
14
290
94
322
173
83
302
90
16
390
395
211
323
354
245
391
190
363
103
342
366
367
246
78
331
15
197
20
394
74
80
144
248
237
124
171
350
287
80
148
406
302
126
11
377
84
392
4
292
323
328
356
94
109
131
20
315
154
371
121
6
148
196
210
288
307
402
192
342
25
255
353
291
171
95
37
271
239
354
65
113
155
175
357
356
319
259
4
93
227
188
157
182
345
62
267
233
69
29
19
393
167
190
130
301
156
100
187
381
362
206
181
82
304
314
83
318
325
372
291
279
390
108
18
87
211
164
127
406
80
315
382
61
292
327
178
72
270
133
237
324
100
220
52
344
65
59
338
267
92
284
20
279
33
94
102
130
324
237
408
407
280
384
116
27
7
103
220
346
135
52
74
17
260
76
369
358
38
266
59
275
408
291
109
81
153
254
41
104
383
322
334
153
380
16
345
67
6
283
160
157
188
176
387
318
110
337
145
120
335
116
336
42
16
198
208
320
114
221
96
116
255
70
184
182
148
197
312
244
132
111
16
150
110
31
143
397
268
46
307
247
119
399
209
300
199
125
179
276
112
403
317
240
93
359
142
179
154
79
55
70
386
200
391
313
361
243
230
52
365
253
310
170
339
290
61
19
105
149
126
242
184
232
291
266
166
64
186
196
122
368
107
378
133
169
360
327
321
158
367
31
331
295
274
377
63
175
354
384
365
177
93
395
258
24
351
381
207
222
231
53
214
404
11
193
97
313
60
321
397
397
124
66
385
386
166
209
128
20
98
348
275
144
179
387
163
208
234
349
180
313
45
260
193
101
394
408
305
107
137
344
144
80
351
345
75
284
68
56
258
92
249
62
354
30
363
155
55
7
252
202
290
217
185
194
165
1
146
178
373
190
205
111
358
342
156
123
26
169
235
282
256
32
120
376
67
293
141
332
107
1
251
301
211
253
269
31
360
182
38
143
381
46
170
124
133
403
295
337
171
51
266
34
205
87
71
288
380
293
78
63
296
174
148
236
265
254
281
176
404
185
322
243
44
163
130
165
224
248
380
252
315
36
29
350
297
247
188
120
257
401
352
340
61
303
26
217
229
145
30
263
137
394
242
246
19
75
202
115
302
314
252
110
145
364
260
327
14
165
238
386
398
158
219
35
100
333
294
384
97
104
341
360
19
128
297
21
309
27
365
279
1
340
239
327
231
304
228
189
153
318
204
8
392
134
371
84
339
296
393
95
178
268
176
229
309
105
271
29
299
332
223
244
391
241
281
199
127
63
92
234
388
286
319
228
2
131
259
217
258
309
264
41
327
245
240
73
404
167
285
58
287
21
24
300
108
270
216
22
394
220
102
105
188
94
52
25
72
87
273
25
98
233
44
345
17
303
107
177
156
192
270
296
45
318
163
177
347
28
245
275
293
6
54
371
225
34
65
388
280
303
206
127
64
269
291
169
286
326
191
364
85
121
15
224
237
326
146
109
201
241
54
325
30
330
215
27
232
321
258
117
136
263
182
89
251
117
280
353
146
259
57
66
262
42
285
91
324
369
140
233
43
76
345
123
179
66
10
0
8
168
310
403
368
288
66
348
282
247
228
246
23
135
13
367
192
359
363
344
218
290
399
159
85
299
403
139
145
293
112
401
369
402
253
90
28
253
140
216
131
286
175
253
160
13
285
210
389
224
234
25
177
400
367
142
101
305
265
30
149
43
164
88
341
361
72
352
386
45
315
50
134
392
220
128
265
397
337
350
32
128
77
278
84
172
250
278
49
226
343
35
161
153
160
161
233
365
219
248
48
69
111
294
340
223
71
286
11
342
239
198
197
94
149
173
32
194
334
370
285
5
98
149
220
152
276
89
308
131
373
274
284
349
374
79
242
369
229
331
322
210
47
351
199
229
172
13
118
277
402
12
238
26
319
247
54
197
329
137
121
21
63
359
103
151
150
328
374
43
287
375
336
67
268
384
396
198
200
370
383
396
208
17
91
142
174
90
38
235
135
127
240
315
190
218
227
82
24
166
37
199
145
343
374
235
283
239
138
209
39
353
400
370
5
320
236
249
83
42
266
174
2
99
408
280
388
301
69
227
44
282
231
112
257
391
142
401
400
134
359
59
119
58
26
204
180
254
164
93
180
230
378
182
158
50
311
281
186
71
356
364
9
102
361
68
266
361
39
272
408
45
150
308
387
379
49
224
356
170
364
156
222
259
228
173
243
113
333
202
336
241
306
383
329
203
187
219
48
71
213
141
3
13
81
366
21
376
392
172
44
119
398
162
205
0
11
129
159
136
38
270
181
86
302
8
30
212
57
99
291
18
100
349
352
403
115
97
312
109
384
125
333
27
104
58
286
292
308
307
308
81
49
389
213
405
118
91
183
385
84
368
185
101
162
316
355
238
320
36
376
228
167
144
86
298
184
372
250
38
47
331
353
284
334
72
101
9
7
89
101
348
2
1
156
250
10
200
292
140
110
346
379
48
191
107
37
195
2
122
56
225
335
67
194
235
236
378
88
105
36
375
181
116
60
368
368
73
310
7
386
319
209
197
143
12
169
195
380
271
10
163
230
381
61
156
272
406
266
257
120
42
3
255
272
106
320
381
299
294
356
236
255
336
375
18
216
37
73
234
196
74
11
207
40
62
0
346
124
9
134
347
161
292
130
39
386
268
249
307
406
390
129
318
154
276
157
399
363
185
215
289
157
108
87
262
25
97
147
100
355
165
405
82
247
186
72
333
129
66
334
338
296
68
378
239
162
194
238
361
232
349
53
152
88
326
333
329
116
170
138
201
339
265
176
357
57
48
313
136
240
328
400
151
343
360
280
242
0
227
399
89
347
104
261
187
285
371
332
263
19
74
325
335
200
264
111
139
53
213
52
385
133
393
14
258
189
245
334
159
79
215
304
41
147
92
341
92
222
319
191
367
61
407
176
372
17
336
154
324
39
356
44
187
311
312
6
298
306
275
190
115
23
357
389
202
303
69
390
52
167
300
135
221
351
69
29
6
194
33
4
231
77
161
42
191
218
344
200
40
184
267
67
329
56
14
182
273
370
159
77
91
183
15
55
195
317
269
238
132
22
92
153
172
250
58
312
106
295
140
232
157
401
256
240
143
152
270
323
198
201
97
48
346
206
246
377
317
193
100
112
366
278
225
305
222
47
106
46
175
22
395
117
60
123
17
396
152
167
294
325
211
43
72
45
377
33
401
168
299
327
173
369
251
357
18
372
328
375
407
297
341
126
274
170
269
53
212
304
346
59
70
28
405
98
303
168
358
171
223
362
277
113
219
13
405
224
153
307
214
176
323
64
76
183
85
295
223
204
91
35
267
316
185
300
33
260
57
81
114
63
328
46
387
108
210
255
80
129
168
203
191
146
199
110
77
227
232
234
70
273
212
151
56
359
244
60
196
348
366
248
29
311
21
34
44
188
22
330
193
16
383
253
297
36
23
27
245
221
317
395
141
269
358
215
383
121
225
378
261
217
271
37
113
399
73
122
312
2
390
10
286
174
228
3
373
213
12
407
70
189
339
305
181
56
186
370
118
39
19
183
139
189
105
269
96
308
339
22
107
85
4
114
189
362
15
330
226
379
173
41
396
135
8
21
161
256
337
132
298
308
261
262
353
240
71
292
218
225
396
252
313
382
99
50
354
120
362
348
177
264
283
338
108
249
172
81
131
64
341
34
186
382
136
194
136
355
256
267
90
389
214
230
289
212
59
8
75
210
278
143
287
51
78
366
109
151
24
4
124
45
64
391
200
123
12
7
3
160
282
203
218
310
352
273
203
355
102
360
376
208
329
202
47
360
323
122
126
158
263
215
193
312
152
140
76
309
174
331
289
256
160
261
275
9
141
216
207
289
163
393
28
254
109
272
306
51
277
20
204
150
127
311
239
40
83
31
321
288
208
365
364
277
103
130
340
330
221
165
379
398
166
79
288
213
171
125
231
295
306
144
246
138
324
203
40
314
122
183
260
249
226
282
34
125
355
65
298
192
95
398
86
279
82
192
375
274
85
10
114
31
250
96
206
168
0
326
388
14
5
223
150
86
36
82
78
108
373
84
106
268
126
95
402
198
332
113
140
310
322
137
382
243
393
35
316
372
293
77
343
332
319
317
25
62
149
347
148
75
32
5
121
244
60
23
155
184
217
276
147
186
26
187
320
147
364
119
178
337
273
349
205
139
287
115
221
335
15
158
74
398
88
99
226
49
134
26
299
50
201
103
79
131
366
276
154
231
68
53
118
96
171
58
164
207
262
351
37
5
24
147
224
264
90
399
352
180
55
39
257
389
321
340
141
300
49
242
138
363
405
293
248
211
394
311
114
155
82
365
252
305
75
332
395
283
371
389
259
117
172
396
373
222
330
227
138
350
385
201
290
404
259
188
407
241
86
137
314
374
133
195
230
344
214
41
132
272
169
215
151
283
261
214
3
76
204
83
205
279
262
9
106
195
169
273
359
233
162
128
350
263
304
338
89
342
142
47
251
117
254
158
281
