time: 301166ms
generations: 198
conflicts: 10878
colors:
206
154
99
135
174
154
134
235
48
92
100
144
160
174
105
5
3
162
29
193
242
168
85
176
255
61
202
79
27
48
75
25
127
10
228
235
72
190
185
6
21
127
159
50
183
1
45
99
256
189
234
181
159
95
55
195
9
171
75
4
201
245
32
153
87
18
18
186
2
135
11
227
64
23
32
58
242
156
17
188
109
75
173
244
134
35
232
59
67
24
191
249
258
98
106
58
205
214
126
229
5
155
172
62
14
113
92
148
259
83
202
203
66
90
66
80
22
181
227
66
39
20
105
32
210
153
80
102
108
192
57
226
35
77
134
68
167
236
13
90
219
99
73
82
46
8
184
114
24
18
231
37
29
240
211
139
128
24
159
35
172
68
32
157
24
143
3
48
199
249
39
23
3
243
28
245
224
167
61
226
68
255
14
89
23
187
144
241
137
231
28
61
67
48
214
219
239
20
30
55
4
127
58
146
27
116
13
151
107
55
8
223
37
129
48
1
22
256
113
154
125
77
88
16
199
64
205
213
114
195
178
168
256
156
194
161
244
245
209
160
102
202
1
160
206
102
209
137
208
107
242
174
68
212
19
38
32
53
31
12
229
111
45
228
53
202
167
220
147
49
230
29
188
59
126
45
5
212
136
124
165
76
58
0
197
100
12
255
48
81
19
240
128
220
9
112
243
0
256
109
120
222
117
45
45
192
209
27
196
259
214
37
183
64
101
178
25
96
225
119
233
118
142
252
223
105
94
13
50
14
111
188
50
185
119
96
255
176
104
2
200
18
128
113
73
8
173
4
147
36
164
133
8
112
30
104
186
94
16
238
41
144
119
141
91
218
156
75
251
217
216
205
223
76
90
178
135
42
159
4
188
57
42
109
16
233
140
51
2
168
218
64
214
10
117
82
186
108
124
204
177
26
3
130
109
139
59
30
188
30
122
144
177
92
250
41
8
87
65
240
166
94
10
227
153
196
202
4
150
245
194
185
148
27
184
217
222
43
8
230
153
139
219
239
114
228
89
197
93
53
211
84
94
51
184
30
110
58
193
73
158
126
121
170
151
95
118
16
109
98
22
175
26
139
21
222
141
134
49
17
238
8
126
245
69
40
199
25
21
74
209
167
214
197
174
153
121
181
27
179
126
7
208
113
130
225
138
87
8
257
160
220
6
173
98
33
132
170
174
197
194
213
56
126
40
214
2
148
213
221
247
63
240
172
67
148
64
136
21
256
237
10
20
6
5
242
169
56
224
85
34
175
70
80
183
172
117
81
205
132
166
230
65
252
185
47
192
109
142
2
161
1
237
34
3
63
149
42
200
217
103
123
142
23
190
77
159
37
4
208
147
69
105
192
89
238
45
246
137
177
152
78
39
235
11
201
64
104
247
121
138
217
140
230
86
184
214
232
83
218
70
23
75
74
259
231
41
242
235
164
256
163
60
248
253
255
27
119
6
120
18
209
176
155
248
148
165
223
129
223
239
162
137
43
111
46
228
129
151
165
145
179
228
183
48
103
35
87
189
30
127
76
125
248
160
9
31
126
215
155
109
24
257
33
64
168
163
0
240
92
120
151
138
10
11
151
159
203
224
30
96
258
129
251
98
218
141
82
36
60
189
122
227
40
132
19
145
105
169
94
135
85
182
6
126
83
180
159
258
209
40
46
183
47
166
227
49
233
253
101
6
258
162
211
21
12
224
95
108
75
85
207
213
183
215
43
1
53
144
259
21
48
46
77
240
232
173
54
83
80
237
114
108
254
226
218
150
136
117
37
61
143
77
248
78
68
83
94
120
251
217
51
217
235
172
196
47
249
78
224
200
66
17
144
212
30
234
242
97
160
114
112
190
13
240
254
233
92
110
179
169
125
42
215
195
126
42
206
251
104
239
251
31
96
83
163
37
11
23
73
17
64
155
163
218
241
108
150
45
117
181
175
87
110
251
93
148
113
259
25
91
81
167
246
93
188
235
3
165
107
65
53
218
17
6
220
229
194
78
153
137
76
58
69
174
79
3
204
181
123
103
29
76
106
143
103
171
72
35
63
34
232
118
15
59
142
152
62
216
37
224
19
121
155
98
68
23
98
247
15
98
173
90
205
18
3
12
190
192
162
190
252
57
177
93
35
102
245
161
132
146
141
90
85
105
234
91
149
159
227
125
102
53
191
8
200
143
55
257
184
42
167
184
47
219
56
169
49
119
246
119
125
114
89
138
243
91
89
238
122
22
159
221
250
253
105
187
55
259
138
169
129
7
86
96
184
97
204
165
122
208
197
140
159
173
100
130
72
169
140
208
6
33
257
125
31
214
52
160
91
119
153
170
80
85
109
100
155
257
130
45
131
209
91
219
248
230
181
75
36
170
139
143
122
136
57
124
147
191
180
230
21
21
8
82
2
173
176
7
153
30
7
240
199
257
141
103
238
210
74
100
71
249
174
51
76
44
202
24
209
197
136
100
114
236
209
122
128
60
143
116
176
23
40
229
69
242
18
216
111
142
86
35
257
156
205
213
22
198
22
198
202
224
201
16
249
38
12
180
253
115
158
180
226
28
150
166
223
131
117
67
227
30
149
222
24
255
75
12
115
5
79
247
171
135
171
163
160
73
196
20
94
9
244
40
117
52
142
116
133
237
32
16
60
141
16
148
117
49
88
19
220
63
201
6
84
85
37
116
62
89
192
246
223
135
29
45
128
47
20
8
36
1
205
249
256
97
7
5
187
184
238
242
226
221
189
253
15
175
124
89
252
5
188
248
188
205
44
150
243
100
81
254
252
99
223
89
160
58
251
174
154
57
11
142
257
76
167
222
148
170
15
206
192
14
125
178
13
150
79
132
193
220
191
74
124
138
158
149
209
62
20
66
256
184
67
206
241
217
137
46
131
38
61
117
168
176
33
236
193
137
37
181
190
167
135
49
80
54
135
201
191
60
214
80
10
95
249
247
76
113
120
22
15
32
259
213
136
224
244
25
29
197
231
109
201
13
6
250
131
138
123
259
29
235
45
48
203
185
89
82
242
205
70
17
176
232
103
206
135
117
247
26
187
224
12
82
135
167
101
151
156
241
49
60
114
46
82
249
182
254
195
132
122
118
117
148
230
16
142
217
111
69
211
226
109
85
238
195
232
124
64
64
154
168
238
69
137
240
148
40
5
100
72
133
34
179
21
42
29
228
12
217
18
11
247
175
4
165
198
143
61
215
53
122
30
177
232
108
21
100
229
222
224
90
71
20
156
31
149
103
171
73
36
31
178
83
166
21
54
92
67
160
26
111
53
109
67
237
2
28
152
39
38
8
258
123
84
212
147
245
3
179
234
153
46
193
175
97
153
47
137
139
24
67
103
174
97
176
53
226
226
219
67
151
138
10
20
214
67
182
259
259
205
131
89
102
9
215
36
107
175
199
24
132
18
77
155
10
163
51
146
130
99
47
57
73
100
160
223
175
141
90
64
237
189
121
83
93
58
90
3
124
233
172
247
227
208
192
193
23
227
96
85
57
222
135
15
94
246
90
189
31
250
22
37
247
17
65
140
179
169
186
240
126
132
151
31
12
81
56
137
118
249
109
231
195
18
248
28
2
30
214
51
218
30
76
87
244
116
71
68
179
6
28
43
202
123
234
176
96
0
70
86
256
85
112
26
240
3
223
173
85
230
181
175
117
230
23
200
220
13
118
54
175
100
221
177
140
164
140
32
242
177
105
218
102
248
247
127
53
193
140
40
95
36
63
17
181
15
199
0
119
227
224
45
249
239
251
117
137
31
253
63
184
176
95
195
53
83
112
197
51
146
60
139
215
137
197
104
111
201
162
195
25
21
60
193
50
253
41
60
55
11
193
259
213
160
93
41
177
217
91
257
199
233
47
230
199
34
135
110
233
59
202
223
144
191
39
68
61
256
255
188
37
209
107
4
238
97
220
167
238
125
114
257
88
202
140
235
88
153
188
30
200
217
28
136
6
241
63
34
176
112
106
116
221
259
243
46
56
65
97
42
149
205
39
32
24
233
252
119
117
28
5
132
112
144
219
72
76
179
151
83
165
62
42
96
171
62
1
154
200
202
69
219
5
167
78
177
136
235
30
180
164
87
198
93
40
98
170
257
100
209
241
160
201
98
10
238
254
171
49
131
72
70
228
3
108
15
62
210
160
241
183
6
16
45
194
19
21
89
226
20
112
124
111
213
174
172
177
22
156
220
94
154
28
155
122
10
24
223
132
182
39
124
233
66
243
21
119
73
229
151
91
196
61
107
44
139
235
240
131
202
167
103
138
24
208
177
218
142
83
49
201
130
160
66
229
248
7
134
94
236
239
182
22
107
23
74
14
183
248
226
118
46
233
76
19
116
214
190
191
65
21
249
30
249
136
116
58
7
190
24
146
216
23
56
12
145
244
126
28
153
141
217
114
95
165
140
174
153
157
255
167
169
86
180
46
221
124
73
226
186
160
190
34
94
151
129
171
4
1
245
127
217
65
108
120
17
215
54
164
102
75
45
226
169
211
111
258
217
62
32
62
231
96
40
35
248
142
250
109
244
95
67
138
107
213
117
197
233
169
19
242
147
73
226
221
83
197
14
189
116
54
89
240
2
193
148
195
46
11
228
72
214
246
179
144
212
252
67
57
203
1
34
160
27
12
56
193
94
103
133
160
131
92
79
47
116
10
145
150
249
96
172
0
6
117
67
132
94
164
223
184
66
208
53
208
197
182
73
109
146
105
155
64
220
246
13
192
105
42
187
234
83
249
48
93
107
83
13
222
122
8
56
99
155
15
16
201
241
173
86
122
253
91
222
136
190
74
110
138
87
232
258
187
246
113
153
93
250
30
115
111
158
60
207
83
45
63
135
90
69
122
258
89
153
93
227
97
47
13
59
57
144
68
67
250
29
55
13
124
20
101
163
218
48
164
230
165
177
225
220
47
0
252
104
89
211
10
207
158
196
176
162
74
173
212
93
255
61
44
166
38
42
185
155
140
71
47
123
170
166
22
244
81
191
219
134
58
80
207
81
39
208
42
88
189
159
107
191
170
182
24
84
67
241
227
179
188
144
161
31
38
3
246
182
231
133
46
87
134
85
121
139
60
28
57
114
140
39
247
115
157
87
127
4
213
56
56
1
126
191
252
75
119
51
139
208
194
45
37
56
62
69
215
37
159
33
174
15
47
196
231
75
107
125
258
255
15
257
29
14
194
207
51
9
189
49
1
10
245
256
61
130
239
154
57
42
15
230
22
107
52
258
86
113
169
165
136
133
241
44
231
175
77
140
67
133
203
92
135
107
162
40
40
217
193
119
73
93
202
103
201
3
1
140
16
129
219
241
141
166
175
97
181
167
88
103
208
144
248
51
259
117
32
162
119
207
122
226
245
71
81
84
233
179
6
241
216
13
158
38
220
17
166
20
225
43
57
163
115
5
200
191
33
218
29
121
119
118
138
200
75
187
213
151
85
69
106
27
192
40
258
152
94
245
255
76
71
161
258
128
242
181
103
216
93
103
94
125
26
238
95
245
170
15
259
211
20
20
20
51
69
137
211
232
135
23
84
15
137
8
56
139
83
142
187
216
135
121
233
240
73
113
48
126
21
18
78
176
64
255
62
137
106
232
6
209
127
6
150
252
169
23
115
12
235
68
68
219
45
49
152
40
203
32
125
112
231
46
243
116
151
39
137
54
210
244
41
25
51
46
58
95
123
71
33
239
126
203
79
204
205
235
222
259
201
142
198
179
67
237
101
235
70
154
259
96
220
56
104
122
20
98
228
49
124
195
166
167
100
97
65
20
138
15
169
72
174
213
243
147
104
23
200
48
15
76
91
169
199
190
222
181
49
130
3
219
118
219
160
234
198
93
170
15
257
118
246
79
42
211
93
167
254
229
70
134
145
159
109
172
259
160
227
148
41
222
123
142
257
169
224
161
150
249
57
60
166
230
226
132
115
88
75
143
213
254
26
96
237
162
257
151
140
107
126
236
7
97
217
117
198
144
29
62
125
116
173
98
3
52
195
207
7
245
165
8
64
38
197
205
60
151
228
120
51
173
70
119
164
206
222
183
215
252
30
110
63
256
177
126
166
222
173
120
128
134
121
154
44
32
143
73
3
225
212
254
22
2
71
246
101
201
165
179
232
205
130
207
103
103
192
102
191
231
97
217
183
231
175
62
13
84
244
54
48
130
181
92
178
108
49
210
257
159
167
228
192
91
28
62
77
81
148
112
40
133
82
87
106
107
99
69
21
62
130
119
57
80
31
248
215
219
6
210
259
85
155
48
189
19
26
183
13
208
124
42
81
123
191
188
187
110
256
197
186
197
160
78
149
12
47
131
69
157
152
252
120
164
87
144
142
209
145
197
214
178
65
170
200
228
230
170
136
29
187
114
120
196
136
110
126
93
71
130
18
40
227
158
192
60
228
242
106
220
26
169
13
201
64
175
155
220
140
46
139
13
232
39
1
169
156
231
1
108
157
2
114
97
213
85
208
130
54
29
60
207
147
123
46
203
128
52
110
70
224
54
186
1
73
256
180
17
193
136
44
170
108
210
46
226
223
36
144
133
89
250
146
92
223
248
231
185
248
110
47
116
127
1
59
18
42
251
71
246
62
53
72
257
252
61
79
246
15
5
41
72
111
5
187
147
40
211
97
48
147
253
198
214
200
121
100
148
248
205
107
161
112
188
194
43
211
80
68
175
236
121
51
192
213
205
28
209
258
92
123
157
235
17
108
58
138
198
31
60
39
257
249
190
144
140
66
193
27
96
2
5
131
190
109
180
170
27
179
141
122
96
25
207
54
255
154
66
40
135
254
2
111
39
32
154
108
233
218
206
92
104
67
249
209
70
255
27
197
61
202
103
9
66
10
246
211
204
29
255
175
156
19
85
191
82
211
50
254
189
49
11
235
174
168
49
184
56
170
50
43
256
55
107
42
223
92
56
225
91
82
205
52
224
98
162
241
123
129
204
183
172
96
12
49
155
78
178
164
54
212
210
20
23
125
39
68
159
168
110
178
54
144
41
245
90
62
192
102
221
121
110
7
17
109
66
93
18
30
55
199
81
246
31
13
246
136
10
184
1
28
230
177
97
174
48
204
116
119
96
40
153
233
54
108
204
230
152
114
47
46
198
70
230
224
126
112
119
16
207
98
130
256
5
176
189
75
96
209
162
169
2
231
56
227
250
69
178
240
211
137
18
89
37
176
207
196
170
157
31
214
121
61
154
232
134
187
79
140
72
135
146
256
96
134
257
255
17
112
221
174
167
89
70
34
57
164
135
245
58
160
44
152
61
256
68
162
208
42
177
108
223
80
54
125
97
245
7
247
228
48
214
118
132
39
189
209
121
244
149
220
148
4
97
108
245
204
103
164
187
255
222
156
34
259
31
117
149
157
4
250
32
40
53
207
84
10
173
22
144
202
51
151
190
114
8
118
258
148
226
192
49
46
254
93
154
22
16
139
255
68
21
121
247
152
105
162
144
97
42
147
253
53
230
202
144
171
85
93
161
171
130
125
116
96
77
175
162
249
228
16
249
10
37
209
155
153
246
3
225
142
22
89
174
228
122
98
216
58
247
135
207
114
153
204
206
148
213
129
20
244
125
94
183
12
180
194
185
255
52
164
18
239
124
236
161
240
31
252
65
51
137
134
30
56
210
121
118
19
207
187
88
38
250
64
7
158
177
168
87
220
50
36
197
232
52
107
176
61
21
21
52
159
166
67
85
68
228
229
55
207
174
112
167
91
95
162
190
46
199
142
141
251
218
65
161
233
225
152
154
241
85
165
12
112
173
196
234
206
138
31
68
109
87
70
177
61
120
224
107
69
106
114
171
202
25
207
243
103
89
176
112
226
11
217
43
126
228
259
248
173
190
58
232
5
4
130
115
214
1
35
135
136
175
258
124
153
52
222
224
92
121
139
87
19
131
122
71
137
26
13
170
141
207
107
187
162
48
244
70
169
67
98
10
108
222
16
119
240
92
42
179
188
80
155
201
71
155
133
2
150
249
154
92
29
29
67
164
97
179
247
107
246
201
170
147
14
234
159
21
235
228
9
211
2
231
103
53
207
162
35
231
82
16
177
146
138
87
192
230
132
218
184
158
80
45
147
132
155
17
149
173
71
79
57
159
218
247
250
51
179
121
235
6
115
150
242
101
128
172
114
171
102
5
118
49
259
56
26
177
183
70
97
174
23
4
127
102
190
229
18
109
155
38
244
214
21
121
222
170
164
58
47
141
88
104
39
162
125
34
145
236
218
132
33
74
165
101
245
131
125
29
140
111
181
198
82
45
5
132
92
124
226
154
16
59
58
82
15
235
164
152
138
12
68
117
69
62
174
5
199
1
202
207
143
23
187
177
179
245
231
143
101
254
250
206
46
117
67
38
167
80
6
55
136
161
114
93
75
100
5
90
83
134
17
217
105
30
157
170
239
59
22
97
216
157
164
13
209
47
125
19
94
164
191
69
49
130
185
65
159
53
138
159
54
72
227
220
57
37
84
141
140
162
49
136
44
49
47
60
167
177
154
70
241
64
195
213
86
137
173
251
249
10
208
118
57
42
191
211
100
198
257
251
203
132
245
89
117
133
107
67
142
35
202
143
25
87
256
103
73
131
239
109
51
105
62
154
257
247
64
161
40
151
83
137
65
29
192
167
82
75
71
217
256
97
153
209
80
100
148
213
251
106
58
76
234
129
112
222
105
108
165
132
184
87
222
255
73
259
71
201
83
257
118
19
130
5
189
170
142
172
186
218
188
171
39
71
188
1
192
72
157
42
244
69
0
247
223
20
122
202
2
0
138
213
49
13
152
45
73
60
118
135
32
201
155
202
155
57
99
54
24
134
188
60
232
83
154
4
58
213
232
12
33
171
122
36
154
149
64
18
100
136
239
178
3
139
188
12
9
181
151
57
92
17
125
73
245
82
138
73
196
131
159
126
60
231
244
174
61
173
242
255
135
29
119
121
207
142
64
183
41
149
214
18
245
258
200
173
138
233
130
75
31
103
55
70
164
223
50
70
29
84
53
54
226
29
249
201
180
36
