time: 474ms
iterations: 10001
conflicts: 77
colors:
18
22
21
23
14
0
2
4
3
8
5
13
1
13
2
14
26
12
8
26
17
15
24
23
12
19
15
27
24
10
15
5
9
7
3
18
5
5
24
11
16
16
20
7
26
10
21
21
14
27
12
15
6
18
4
24
22
19
27
4
20
4
0
0
16
21
27
27
19
24
26
12
23
3
20
9
5
22
24
4
21
14
26
24
3
13
25
6
1
25
23
9
6
12
9
1
3
0
0
27
1
19
19
8
11
0
22
25
19
25
19
7
14
1
8
27
18
14
5
21
1
11
9
0
2
2
8
1
22
22
20
12
25
26
12
6
19
8
20
16
11
7
0
16
20
7
10
24
7
15
18
1
25
15
26
17
1
2
10
6
24
15
12
23
10
5
21
2
24
0
15
9
7
5
23
25
26
6
17
5
4
23
26
8
7
3
18
8
17
10
2
15
16
0
14
13
4
16
11
13
11
22
20
9
21
4
27
27
21
25
6
3
7
19
17
2
10
17
18
23
8
1
20
14
6
13
11
17
12
3
13
14
20
17
21
9
17
9
12
10
5
3
18
16
11
9
22
16
13
2
