time: 1506ms
iterations: 10001
conflicts: 179
colors:
48
0
14
25
22
31
43
40
3
9
33
34
15
41
9
41
6
5
48
4
16
14
37
40
18
31
2
37
37
19
42
13
41
47
26
3
45
34
39
33
4
23
0
24
15
45
15
47
1
21
27
22
47
1
8
38
48
43
39
41
16
10
34
34
21
42
6
17
19
21
11
27
35
13
38
36
14
0
7
6
44
12
27
45
10
19
10
39
45
12
41
33
30
22
5
23
25
3
7
35
23
30
38
7
2
20
15
23
36
30
26
42
29
15
31
6
38
0
31
18
17
6
5
9
48
27
19
12
10
8
7
22
18
8
29
2
34
44
10
9
22
15
20
24
13
10
24
39
19
36
14
29
46
23
28
26
36
2
18
7
10
34
36
8
32
32
12
44
20
46
3
47
21
3
16
37
12
13
26
19
35
30
41
5
36
8
2
46
4
41
42
18
17
40
29
6
35
18
0
37
26
30
1
28
31
14
39
6
7
16
33
39
47
6
31
22
7
15
23
48
21
3
13
42
31
18
4
20
5
41
20
21
48
15
44
30
29
42
40
44
33
20
43
40
18
14
18
17
8
0
47
48
39
23
46
45
0
1
33
41
2
33
33
15
29
10
47
36
2
43
25
35
25
44
2
8
38
27
14
8
19
22
44
6
24
31
32
33
47
35
40
2
19
24
35
37
39
8
46
27
28
5
32
38
37
38
16
9
43
46
13
12
36
45
44
24
3
21
9
25
35
37
5
4
32
7
46
4
48
11
42
25
4
4
1
15
22
35
20
11
27
11
32
44
32
2
41
31
18
7
6
9
22
32
1
33
39
32
13
39
48
11
0
11
13
42
28
20
25
28
13
38
16
36
14
22
29
40
27
17
48
38
26
29
32
5
26
30
3
12
32
37
46
39
46
34
13
12
26
10
43
48
33
20
12
0
47
11
45
30
23
16
19
35
34
46
10
24
28
43
18
27
17
35
3
9
23
25
28
1
40
27
43
11
3
18
45
29
8
45
20
9
43
17
30
3
4
31
32
19
7
47
42
26
21
9
41
0
6
25
1
24
25
23
29
12
34
7
14
15
21
1
44
22
16
1
26
23
1
36
42
8
16
40
17
34
27
14
11
30
45
24
9
5
4
21
17
1
38
36
