time: 4869ms
iterations: 10001
conflicts: 416
colors:
28
75
76
15
53
57
33
48
72
20
74
19
33
8
77
2
82
24
14
54
52
5
46
47
33
58
45
13
1
20
57
70
33
51
18
20
25
74
35
53
48
78
68
12
75
29
11
53
64
21
6
67
72
19
59
30
19
18
23
31
75
1
51
24
52
23
13
2
82
14
25
0
43
41
17
58
14
28
1
57
0
81
58
48
40
63
49
22
54
32
6
0
14
56
30
37
25
4
46
27
32
61
72
35
3
43
15
55
5
48
31
81
9
0
71
47
41
28
27
25
72
4
14
6
46
8
21
49
2
31
31
51
13
27
19
4
58
43
4
29
27
68
58
39
6
23
18
8
81
0
78
13
63
58
46
4
61
70
56
16
4
24
50
31
3
51
64
26
30
69
60
7
45
47
13
10
65
76
77
22
48
23
39
52
76
66
82
32
38
65
29
70
61
73
49
30
72
34
32
25
26
67
44
80
38
1
53
51
26
4
77
56
29
2
10
57
37
47
48
57
12
8
12
65
28
65
16
45
67
45
74
51
66
24
18
53
8
40
34
53
36
72
79
75
60
53
15
20
72
28
2
34
1
74
66
28
54
46
16
26
52
25
10
64
8
7
80
29
31
32
61
18
67
71
41
39
44
65
44
9
71
65
55
39
27
62
79
69
11
3
19
46
67
29
50
70
39
54
24
17
48
55
74
16
44
65
45
62
59
62
7
42
45
60
51
3
42
6
35
53
72
81
43
66
4
20
54
28
56
9
46
5
4
22
33
76
49
5
47
56
51
12
59
35
68
15
77
9
42
73
69
57
64
40
43
71
49
55
32
78
25
36
14
22
58
48
18
18
27
26
16
76
65
43
66
41
50
66
35
40
73
28
48
78
55
68
46
62
4
55
1
23
3
8
15
2
25
28
26
44
75
34
2
13
59
0
29
38
1
71
64
77
38
34
7
62
2
16
11
42
66
24
70
78
82
67
68
27
58
64
8
26
46
79
7
73
28
80
56
11
71
33
81
53
29
79
8
38
26
64
65
12
76
63
49
32
42
77
24
20
22
19
27
65
70
15
61
2
75
80
41
1
17
40
25
44
80
65
75
20
4
33
31
78
69
30
11
78
31
80
55
32
59
53
41
27
32
11
42
2
22
31
55
64
76
15
19
38
18
35
5
38
26
44
52
53
71
12
15
80
0
19
79
46
77
44
10
70
71
67
56
45
24
36
59
24
74
73
60
29
78
49
66
23
44
74
38
71
55
59
79
69
35
55
25
30
6
81
12
12
69
63
45
58
48
49
33
60
58
10
1
74
61
67
38
68
69
43
10
34
61
6
20
18
68
23
24
19
7
13
5
48
30
45
82
60
37
4
28
47
54
68
41
17
49
78
80
20
35
67
23
23
16
14
53
2
52
57
11
12
15
35
20
12
47
36
9
5
79
40
75
68
37
69
57
47
18
54
82
0
62
52
52
63
17
12
81
82
3
42
11
27
23
77
77
36
41
36
37
51
50
5
30
6
27
3
73
20
68
76
46
21
45
38
17
20
68
19
31
62
35
15
40
28
47
33
66
29
60
27
63
51
61
37
6
63
35
9
2
21
21
77
46
5
70
36
26
56
43
50
75
40
9
36
79
7
72
30
37
11
15
52
34
58
17
47
43
62
54
45
31
12
69
70
42
16
53
80
22
3
66
30
47
78
69
74
79
36
14
26
6
82
24
41
60
22
21
8
41
71
76
55
77
71
39
79
50
26
9
60
82
79
49
15
74
57
23
30
10
17
20
64
81
72
74
50
34
1
69
59
10
44
61
36
11
33
10
33
60
22
14
62
47
22
39
40
19
76
54
62
78
16
4
73
5
25
64
0
9
76
59
66
21
17
49
21
21
3
51
7
80
75
13
41
63
43
54
5
7
77
25
11
67
30
6
64
16
3
3
44
33
52
16
60
63
81
52
12
59
23
0
16
9
3
57
17
40
10
39
24
50
26
57
43
82
63
9
11
39
6
0
37
42
17
43
9
70
13
39
66
44
1
38
48
71
7
1
50
32
11
17
45
31
59
33
25
33
67
50
5
67
13
6
29
14
25
54
78
70
37
34
19
61
62
78
61
39
42
34
51
13
34
36
56
60
21
61
10
21
72
9
8
70
56
73
14
37
40
51
64
48
14
10
32
80
50
55
37
72
3
68
0
81
33
41
60
39
22
14
50
39
65
18
73
2
58
31
11
29
73
63
42
82
30
7
81
66
21
34
71
46
80
73
12
75
32
67
79
80
7
