time: 19422ms
iterations: 10001
conflicts: 997
colors:
1
24
125
103
79
12
31
139
58
87
136
127
10
90
101
19
101
111
107
32
136
141
92
42
66
139
44
8
47
15
84
15
98
51
139
56
107
84
137
53
85
118
140
123
112
30
50
2
106
76
73
46
67
103
67
27
1
34
48
40
111
116
135
23
11
17
69
117
101
62
86
33
97
26
115
144
64
84
40
29
4
66
61
82
73
101
113
95
120
19
74
71
10
59
100
138
121
84
24
35
115
51
22
91
17
72
122
37
9
125
78
88
46
75
69
42
2
4
145
9
8
104
98
119
40
8
139
40
24
48
47
48
0
134
1
123
3
11
142
23
32
86
38
81
29
102
12
72
114
72
84
74
46
122
74
4
17
81
16
93
76
77
38
144
0
53
7
118
108
87
113
15
34
139
35
121
133
117
75
90
30
39
30
102
70
119
24
116
104
72
32
63
38
14
125
107
37
142
71
143
91
18
11
52
36
86
60
97
2
115
38
69
9
139
93
32
25
13
76
89
42
89
92
73
68
106
139
58
117
103
118
142
15
113
123
57
75
3
139
32
115
32
42
3
22
13
22
19
5
140
131
90
83
27
56
18
63
132
16
143
96
43
109
96
110
130
60
88
35
12
116
40
79
9
54
80
24
100
54
58
12
24
67
95
4
88
66
16
123
33
143
130
65
4
120
74
108
132
113
9
13
83
20
92
95
110
10
142
13
36
33
56
55
72
26
64
49
51
53
105
19
42
135
122
115
108
110
41
94
44
45
90
134
61
48
120
49
0
116
139
35
113
118
12
58
86
126
89
41
55
115
132
60
98
14
61
53
143
105
13
40
112
35
136
40
80
115
145
33
76
124
74
4
49
3
45
143
119
4
105
19
110
16
28
69
121
83
137
53
54
56
102
42
7
34
144
41
114
94
4
34
71
14
132
11
23
37
80
138
115
63
18
103
17
97
116
123
114
67
96
113
79
93
5
70
25
65
31
44
37
7
114
112
94
96
20
80
131
106
86
57
133
61
66
140
27
74
60
100
131
51
7
107
5
43
144
83
16
32
43
54
60
56
76
141
96
81
72
52
1
90
0
62
102
63
131
10
98
47
0
56
42
119
83
0
48
35
135
64
121
45
6
53
4
31
50
72
93
121
97
129
7
134
126
17
142
130
143
68
14
17
130
50
86
53
8
93
35
128
129
136
104
138
78
97
94
13
131
50
37
40
142
84
71
107
24
108
29
138
121
43
7
77
84
119
41
118
25
113
42
144
44
134
137
85
81
123
84
20
57
63
130
69
116
5
26
1
65
105
135
18
96
130
111
94
44
67
140
49
99
23
106
126
143
46
102
119
98
142
47
86
112
117
134
99
70
37
44
38
110
145
96
101
130
131
21
124
131
30
135
87
40
127
131
100
122
68
65
33
31
108
144
32
90
116
131
84
69
140
7
1
103
13
124
38
80
102
24
128
137
62
51
141
87
117
51
133
18
127
8
104
114
115
41
51
41
144
60
41
28
138
125
54
92
91
135
76
99
89
56
138
1
134
79
54
112
99
49
68
14
93
36
76
53
33
79
86
21
52
5
31
18
22
82
96
64
49
90
87
68
67
127
112
13
120
97
104
53
3
107
33
26
67
0
120
43
64
118
81
0
26
74
5
111
43
138
27
49
110
80
126
141
141
138
44
75
14
29
142
111
11
14
62
88
98
70
50
12
102
89
85
104
16
12
36
16
70
107
97
59
6
77
129
57
112
124
143
6
19
136
99
73
63
28
73
135
52
15
127
44
32
3
115
106
83
140
114
117
77
56
30
47
94
105
112
121
62
100
22
5
12
14
52
71
90
45
105
117
22
122
114
42
26
33
59
100
108
48
12
118
81
97
101
26
100
30
134
0
52
67
133
59
70
52
63
59
42
41
126
145
96
83
51
19
119
74
112
101
56
50
120
40
104
31
101
86
123
105
87
64
6
89
108
80
94
12
115
125
47
44
45
65
106
127
77
66
142
43
30
36
140
117
34
58
84
91
39
5
73
39
23
135
103
13
4
33
118
135
123
125
73
130
36
44
59
32
42
63
64
17
43
75
33
6
91
56
70
29
128
46
143
127
15
142
92
89
49
48
16
70
46
127
140
1
10
138
113
58
11
113
45
119
87
8
2
20
137
37
5
95
111
18
139
63
112
85
61
12
97
88
144
83
126
110
3
137
102
83
93
64
71
110
48
35
34
119
131
99
34
105
132
68
61
64
36
18
134
98
79
120
58
68
124
127
92
135
112
5
19
105
141
20
94
59
30
77
78
0
139
86
57
106
59
133
50
85
11
124
62
9
7
18
56
23
105
31
115
84
71
52
132
110
72
114
33
143
54
119
144
37
111
44
125
11
32
109
20
31
85
45
141
99
88
106
46
79
98
136
75
76
94
47
38
59
87
67
100
91
101
130
18
42
28
10
65
65
48
58
89
129
95
9
108
67
66
25
54
85
103
22
20
141
82
67
90
51
143
145
92
120
129
80
81
77
70
95
9
118
16
108
68
113
120
50
60
45
71
21
48
2
135
16
23
117
31
49
54
39
23
14
62
64
85
9
132
68
89
31
95
89
41
105
37
129
47
79
46
102
27
125
117
64
109
103
100
16
122
64
111
80
135
141
97
19
130
84
63
59
99
48
49
93
57
87
107
89
51
0
26
23
35
17
17
119
34
14
22
62
2
55
38
55
53
70
101
8
135
50
3
47
90
1
126
56
99
79
128
118
2
28
7
18
46
8
8
99
137
105
28
117
38
1
119
54
62
137
15
47
87
97
29
107
99
65
77
134
104
10
72
104
96
56
52
5
88
80
30
55
85
132
41
60
13
106
109
63
38
121
137
44
60
125
110
100
21
123
7
23
25
13
2
128
100
128
63
103
36
109
138
33
21
10
56
26
130
139
0
133
91
89
72
6
75
25
33
101
87
61
114
91
74
119
17
71
30
61
44
29
142
82
92
48
38
58
113
48
93
58
125
39
11
140
103
19
127
32
0
32
27
37
127
101
109
82
26
61
133
6
90
92
60
110
60
22
120
22
19
78
23
116
101
34
74
111
123
137
131
136
130
55
28
25
91
37
58
107
112
91
113
15
118
116
6
53
54
31
3
90
9
136
40
17
10
98
1
118
89
55
86
69
145
120
121
8
40
136
41
42
35
139
121
61
111
132
34
105
13
20
70
131
94
68
18
88
50
126
81
142
29
94
116
120
111
50
54
8
8
80
65
3
73
7
11
140
36
75
11
145
21
40
81
36
9
77
120
133
0
15
12
69
72
96
110
22
95
8
145
82
20
103
75
77
136
25
99
75
93
19
94
125
36
45
73
66
122
47
74
90
112
129
114
15
29
143
79
124
2
136
66
106
36
45
109
74
21
70
136
114
14
21
15
6
19
37
73
29
102
7
78
53
78
115
60
10
119
49
135
43
145
136
3
121
77
24
39
127
144
21
54
27
38
96
70
21
3
88
46
6
68
40
98
72
136
24
122
29
21
2
69
75
95
33
31
71
80
26
65
79
35
125
20
9
116
118
32
111
25
124
87
110
81
44
53
94
53
114
16
3
39
55
46
78
34
17
73
98
13
118
10
46
123
85
121
92
41
39
67
67
30
82
7
36
90
59
82
141
114
8
55
109
102
47
27
133
102
145
85
102
130
28
57
62
46
22
88
85
50
2
134
60
125
141
83
29
35
10
24
51
69
57
2
92
20
99
66
122
134
143
11
34
141
131
131
128
98
144
6
126
16
84
69
100
91
58
129
103
27
3
138
58
49
78
25
28
25
20
45
39
62
126
145
121
28
4
39
116
142
5
62
137
59
37
13
71
95
66
94
76
78
134
47
32
4
61
52
1
108
64
97
4
138
106
30
65
126
2
4
25
85
106
73
64
124
30
2
65
133
51
66
57
88
71
145
91
132
17
19
65
81
40
128
121
88
33
37
132
41
26
43
86
77
57
65
61
43
50
64
70
93
95
104
82
49
82
66
81
104
78
21
24
6
99
132
57
124
18
130
69
45
71
15
122
12
25
137
45
83
103
52
105
68
10
104
51
134
130
17
124
97
17
81
55
34
127
133
129
98
16
67
91
57
24
51
69
63
62
128
136
129
6
80
124
116
145
68
79
128
78
39
107
79
107
57
58
61
110
75
15
82
5
91
104
122
126
47
39
140
23
142
108
39
43
71
136
107
123
6
89
6
50
109
113
117
57
9
49
28
76
45
60
66
14
77
141
95
85
34
18
19
48
66
61
11
137
52
109
93
77
62
144
34
25
95
27
101
133
38
1
55
21
61
82
35
111
109
69
6
80
134
103
128
35
78
140
129
43
97
127
24
93
96
138
74
36
48
55
108
92
117
109
122
75
100
11
27
53
140
110
29
128
78
123
52
71
108
73
51
52
26
76
1
28
23
54
9
28
83
84
22
72
65
128
44
62
107
82
124
118
79
98
85
120
109
87
55
138
112
74
132
128
106
20
75
88
76
27
86
26
133
59
31
10
28
102
100
133
88
76
104
116
