time: 41883ms
iterations: 10001
conflicts: 732
colors:
28
95
102
2
185
121
117
348
265
346
168
185
205
120
67
375
298
373
209
353
385
315
271
136
344
46
183
408
157
75
302
164
71
151
204
279
107
338
319
283
109
218
203
4
67
104
329
278
301
123
332
128
84
194
317
259
369
5
152
397
183
360
225
358
171
226
236
375
78
24
210
153
122
364
217
103
185
264
17
255
181
29
293
106
105
151
252
238
200
240
188
200
142
324
196
383
136
387
29
97
42
352
160
320
171
351
358
206
89
150
59
62
228
226
361
180
359
368
48
406
182
46
241
118
45
389
224
67
377
242
68
263
191
8
186
263
323
42
77
27
251
164
12
234
94
59
365
240
136
331
48
330
303
85
138
247
284
208
323
213
408
13
142
378
181
172
22
174
126
400
154
319
19
229
230
286
37
153
374
261
63
92
89
214
302
289
66
38
207
23
73
288
192
130
223
64
168
10
144
55
128
100
25
137
395
221
325
65
42
280
280
121
322
0
183
260
152
126
382
27
206
379
273
179
299
271
339
96
58
283
162
313
219
167
103
249
31
307
326
309
205
76
398
257
71
72
265
98
356
56
304
105
218
301
350
161
313
375
268
70
64
65
330
231
388
131
398
19
361
339
403
406
88
379
81
220
218
46
219
233
407
282
125
215
391
162
4
308
312
109
94
355
147
112
270
243
162
369
337
235
381
268
264
60
351
82
50
175
214
32
276
272
156
32
105
401
286
290
160
334
151
396
396
283
53
215
118
91
91
294
343
244
190
78
266
238
17
291
85
62
67
285
391
36
13
188
371
293
228
140
70
336
36
354
77
391
33
334
350
288
189
305
399
222
307
204
85
291
145
59
305
154
95
216
223
181
222
12
235
384
270
379
401
230
10
317
289
8
93
115
40
34
356
67
237
257
285
288
219
230
49
100
184
381
97
224
399
376
7
392
77
2
98
244
368
239
285
367
39
281
233
27
367
257
15
345
302
400
1
401
29
5
188
11
163
135
319
93
1
64
286
107
386
269
147
156
28
84
70
351
47
51
86
9
196
3
240
381
388
252
162
116
226
207
164
175
237
11
349
190
314
295
248
108
390
316
206
398
132
340
322
308
207
15
223
127
313
114
270
61
99
55
107
15
58
147
306
368
191
174
297
174
170
192
35
52
335
372
402
380
141
284
211
178
90
327
179
164
359
75
33
127
201
408
265
273
180
74
334
306
281
173
71
260
208
231
22
15
9
301
185
400
47
124
155
318
132
262
69
177
274
265
381
135
213
347
5
58
258
88
66
216
97
224
405
120
60
25
280
33
115
141
211
124
129
153
319
52
354
208
250
51
18
102
351
274
340
357
337
128
198
166
295
199
300
240
365
341
320
172
378
221
142
296
303
37
340
227
50
54
6
39
65
406
210
85
239
284
90
224
403
177
122
111
123
201
74
148
353
197
18
162
361
101
150
353
16
294
168
169
234
357
322
89
358
355
80
267
210
282
8
344
350
127
141
177
259
337
309
310
90
260
12
339
79
214
134
95
339
222
124
111
13
291
405
190
272
219
56
251
209
279
26
232
283
352
101
376
335
39
166
397
131
191
218
118
197
179
104
125
63
347
132
60
255
172
245
167
59
130
311
374
173
6
299
117
133
400
394
135
278
76
73
91
389
337
94
119
362
98
3
16
374
230
406
242
176
60
91
310
3
368
135
269
371
21
23
385
154
297
57
94
318
366
18
66
235
183
6
87
82
145
403
256
79
275
380
32
161
370
169
296
290
274
9
139
343
396
372
77
138
187
164
34
317
138
228
369
379
208
44
192
383
253
320
400
404
11
383
266
381
241
80
146
147
77
227
329
293
122
71
232
349
394
2
167
137
189
70
258
221
116
76
44
20
110
249
254
293
307
328
232
142
23
5
386
98
238
278
202
251
234
61
246
104
160
268
114
349
341
215
233
369
170
228
131
82
38
369
253
18
117
83
30
18
390
324
356
114
148
14
328
281
322
115
43
290
378
45
171
92
78
152
35
330
136
62
385
95
151
8
161
205
373
54
281
156
290
56
120
228
197
171
47
186
23
213
218
364
144
123
275
269
311
4
269
17
292
75
149
52
134
159
333
399
346
201
59
97
172
194
107
84
406
280
128
254
124
360
89
54
142
265
198
198
261
325
255
66
74
405
316
180
370
212
257
355
14
28
144
153
113
146
288
219
297
2
364
307
30
24
93
305
115
149
13
209
388
407
261
138
397
202
169
181
233
243
130
21
271
13
31
192
199
159
327
247
303
259
119
166
195
110
362
95
150
386
68
182
21
363
44
186
157
181
112
152
287
106
41
185
84
372
107
383
14
393
117
286
190
254
69
160
192
314
316
31
176
390
198
296
58
246
275
72
341
383
87
344
212
79
3
356
113
7
73
55
384
81
371
372
110
35
167
398
361
195
355
258
180
357
206
407
189
397
250
235
346
129
298
40
57
178
29
327
332
206
87
68
339
349
330
132
384
79
35
227
376
63
317
402
51
304
303
125
126
100
20
353
28
276
285
89
342
314
122
191
325
100
143
329
40
234
201
315
176
1
57
121
102
270
313
396
205
75
299
0
257
287
404
293
336
373
241
241
133
333
132
214
36
246
303
365
34
32
372
148
159
344
351
251
146
48
50
357
22
106
370
52
113
155
162
367
149
223
28
320
298
124
238
280
90
377
170
382
332
333
277
100
112
220
6
161
248
308
244
211
75
38
148
86
222
230
80
114
395
217
72
83
232
155
188
374
149
292
56
64
174
295
78
177
406
348
148
245
212
126
380
165
53
199
354
276
268
25
140
54
133
349
336
196
354
289
145
239
226
53
114
385
405
274
301
236
245
12
373
312
30
157
94
370
382
39
359
242
365
85
77
89
321
379
346
250
323
384
243
272
213
332
287
266
194
22
52
109
193
149
88
112
184
49
348
289
279
342
290
397
108
68
220
402
175
300
300
227
288
129
253
49
309
226
364
246
201
91
2
283
8
10
396
264
110
352
312
143
111
268
131
357
392
111
403
386
72
339
390
120
163
44
392
342
175
306
50
267
69
377
141
156
231
48
4
43
393
316
401
111
194
318
69
269
10
16
147
338
307
19
304
167
282
178
380
105
66
21
359
154
308
329
116
327
196
88
110
195
174
273
121
198
286
88
256
363
330
393
50
145
55
225
315
399
123
258
338
81
279
136
259
134
153
357
108
202
368
119
140
178
282
129
186
33
314
11
150
235
189
125
281
306
48
29
118
121
312
264
99
143
101
225
334
26
158
103
7
298
229
325
86
102
191
212
41
96
86
76
51
275
262
243
391
119
293
237
58
395
367
314
133
101
231
183
255
46
109
0
55
188
234
113
133
38
333
247
225
5
1
331
31
118
99
154
149
199
345
365
141
262
277
161
377
344
382
180
231
63
71
33
36
0
38
40
146
117
4
120
282
20
342
74
15
24
166
184
193
56
317
22
321
347
362
399
366
127
258
79
193
209
212
27
24
7
291
36
35
354
165
37
92
207
352
229
304
40
384
20
145
163
407
31
310
343
130
53
61
300
248
82
324
328
61
385
50
129
16
311
193
27
125
99
24
336
109
128
176
43
364
88
200
362
228
334
187
358
200
105
140
115
389
260
34
256
403
310
195
343
388
191
106
237
208
266
25
49
392
348
324
200
252
137
276
99
158
122
236
204
358
130
292
26
90
245
152
80
173
9
250
302
47
363
173
244
221
137
184
83
54
295
73
308
26
84
407
69
207
361
165
360
294
376
277
73
168
404
254
17
211
135
320
30
243
209
350
202
104
41
41
14
315
298
194
278
273
393
32
323
292
197
215
171
1
284
25
318
295
366
176
97
160
387
338
287
187
335
278
337
51
12
304
266
139
64
215
42
296
345
306
170
241
21
11
321
386
155
356
144
261
61
261
49
402
96
227
72
173
198
387
405
335
292
273
179
187
229
19
279
248
175
144
390
260
210
70
88
331
16
252
43
332
394
92
249
277
319
289
7
408
267
123
139
57
297
378
81
83
398
366
331
134
216
204
214
285
274
404
394
362
247
19
106
203
312
335
217
338
203
383
113
62
102
112
370
150
375
158
68
255
6
217
127
108
371
367
311
359
253
276
184
391
186
259
116
2
291
83
203
221
57
108
199
170
392
376
30
202
22
98
347
216
388
237
216
38
248
9
100
393
20
345
375
81
169
82
17
45
165
254
166
284
23
251
65
246
134
236
382
78
395
163
325
143
93
196
222
232
53
128
321
225
168
74
223
87
156
139
272
322
311
193
333
16
35
327
326
347
182
299
33
169
402
177
267
393
263
260
210
363
267
126
408
326
340
203
146
60
151
179
297
323
313
47
250
240
263
401
125
37
249
44
312
242
262
14
220
34
78
315
326
389
229
65
378
103
119
157
328
270
336
76
45
85
45
217
271
309
159
96
189
6
26
337
387
26
348
360
131
92
272
239
294
172
60
41
86
93
158
328
245
389
404
249
62
341
292
302
241
3
164
0
263
37
103
305
329
42
256
352
355
10
182
7
