time: 70327ms
iterations: 10001
conflicts: 2176
colors:
99
236
61
88
25
223
38
184
128
257
84
235
143
96
157
13
138
158
197
106
233
95
166
5
73
207
238
168
69
135
257
64
58
238
218
258
219
241
217
103
132
28
226
93
157
67
50
231
70
255
18
132
235
59
165
173
53
170
254
87
88
61
82
199
21
85
19
19
23
131
233
26
63
199
232
218
170
190
210
74
145
27
178
30
5
111
96
161
224
65
216
11
233
239
37
120
167
64
16
176
213
69
221
22
104
214
151
170
63
130
11
136
227
29
158
231
92
190
233
86
253
208
93
251
14
212
161
62
99
237
9
240
29
71
150
22
83
186
223
139
150
247
199
28
60
183
1
43
122
34
102
160
196
144
133
140
229
65
247
119
142
6
85
25
38
33
82
158
216
2
66
256
222
8
204
248
170
213
181
225
106
53
70
204
5
39
252
162
21
23
153
203
34
24
110
146
80
168
13
175
9
94
97
199
107
140
0
222
171
91
63
173
117
3
221
1
218
184
95
217
47
3
155
69
131
195
172
209
139
115
89
156
72
49
3
115
179
101
27
56
193
257
192
83
115
0
137
205
222
175
154
201
219
205
184
90
102
204
47
86
202
68
27
171
6
240
105
229
18
252
250
81
13
214
199
205
160
111
206
213
5
8
115
32
197
92
251
161
11
194
217
126
116
234
253
218
174
147
208
90
94
141
142
46
253
117
247
80
9
53
176
255
93
103
175
47
9
198
195
237
72
219
147
66
127
244
72
224
24
39
37
92
7
37
59
173
38
213
175
42
213
165
215
211
24
240
187
42
94
36
58
68
98
141
114
236
106
247
60
192
165
98
40
167
228
57
225
106
90
203
241
110
111
171
168
42
12
1
150
93
99
86
89
66
94
113
108
90
101
154
133
80
186
138
42
41
27
150
200
44
16
40
33
244
153
50
231
118
165
113
189
107
151
129
187
196
243
42
220
216
103
51
111
143
58
125
213
116
15
102
134
174
248
6
43
169
229
151
165
220
222
56
84
39
206
141
60
126
220
83
39
112
141
142
179
23
21
176
192
91
196
153
84
171
186
203
204
211
95
179
146
8
195
165
191
65
214
115
120
62
66
158
129
216
150
62
171
74
167
198
168
130
54
53
68
59
31
189
190
67
199
183
41
99
109
47
136
175
4
15
22
254
140
14
54
213
82
199
185
210
256
132
167
101
167
120
19
250
171
20
240
3
206
86
135
150
136
121
116
191
154
191
206
159
20
71
50
26
34
256
108
169
107
130
13
70
67
20
125
157
180
146
90
152
142
114
214
90
138
38
226
235
12
187
217
163
65
154
51
121
139
74
193
164
254
189
123
200
55
228
126
132
187
11
91
55
33
12
174
28
200
50
227
237
139
256
23
157
226
209
199
124
191
80
186
193
12
148
133
98
240
3
189
148
1
132
209
79
168
24
212
15
122
219
239
134
130
239
31
249
94
4
67
33
245
45
25
9
41
154
50
14
189
231
32
19
166
187
67
56
247
226
234
169
157
86
103
245
39
206
197
221
39
106
173
221
249
7
221
212
241
248
227
71
241
109
170
80
224
217
107
212
180
42
212
138
13
132
15
158
245
237
250
94
155
162
207
184
27
137
220
257
97
203
40
88
163
43
192
48
160
63
202
244
127
126
14
119
12
48
103
113
196
72
59
233
176
240
175
172
88
205
130
237
50
218
74
63
82
238
179
190
4
100
100
243
192
81
63
54
88
208
176
10
160
244
104
255
48
98
246
247
180
31
153
72
100
172
76
57
63
180
231
89
116
251
235
125
180
185
31
213
92
107
191
121
246
258
193
107
2
117
218
145
241
254
26
29
163
120
22
113
168
184
17
185
230
240
139
96
148
26
230
155
26
201
151
213
146
69
252
227
51
221
119
130
38
230
16
242
62
165
198
130
139
208
187
162
134
204
129
51
122
118
1
148
7
10
148
210
222
182
112
245
57
201
15
226
79
150
69
11
236
44
193
163
26
56
243
240
63
135
97
49
259
89
151
0
65
104
228
236
167
169
215
138
146
68
88
105
72
142
102
134
166
164
234
222
230
86
45
60
98
78
38
224
192
114
9
49
158
165
229
92
108
96
88
126
94
41
108
161
68
43
135
218
40
26
2
223
205
87
61
203
147
129
31
71
74
148
1
54
87
127
197
195
97
207
174
156
207
213
35
111
105
170
140
47
72
53
12
25
111
136
14
214
220
154
71
49
77
205
42
2
7
2
70
244
107
70
66
123
34
25
41
7
168
43
85
76
192
19
152
143
158
73
210
201
75
226
108
125
65
246
79
74
105
21
184
169
249
101
210
133
80
58
97
49
159
194
228
223
23
69
224
48
107
102
90
79
217
230
43
37
39
254
175
45
9
15
198
172
82
113
105
246
229
96
35
57
164
96
96
155
124
173
74
99
177
66
110
25
210
242
248
247
246
114
54
180
41
124
36
182
20
203
97
248
210
255
245
70
151
211
42
186
8
236
80
113
1
0
257
118
13
143
82
147
176
255
171
144
159
119
126
182
118
202
200
81
54
24
188
174
49
69
111
120
93
90
204
217
2
77
117
146
73
11
82
65
64
81
111
38
148
95
14
147
242
129
101
124
84
9
99
160
36
129
64
246
113
105
164
1
131
90
203
85
20
74
41
114
32
153
119
186
117
197
256
230
151
61
53
222
188
106
122
200
84
109
99
191
35
251
22
162
166
92
116
112
141
98
100
131
30
144
13
21
101
104
91
47
202
119
246
62
245
53
59
250
10
4
215
1
215
105
133
83
77
30
55
197
212
100
0
28
107
108
200
137
213
32
154
81
48
74
157
183
193
57
144
162
71
198
46
7
3
28
40
234
214
237
183
187
173
93
127
11
178
158
37
184
171
91
173
92
180
25
247
9
52
252
257
38
150
78
135
53
95
20
231
185
102
125
215
148
223
155
173
55
133
132
112
56
144
77
181
2
141
181
47
124
202
189
145
94
61
33
5
101
150
199
209
205
107
136
51
257
207
244
66
121
122
137
167
27
58
132
159
29
166
153
28
157
142
113
183
32
154
154
117
56
252
42
1
207
149
184
6
96
142
28
183
62
37
203
154
73
238
205
177
208
87
0
189
97
245
166
97
149
204
215
1
172
31
121
149
147
96
212
23
98
154
128
109
6
89
172
183
27
187
176
107
164
178
115
209
49
1
215
152
192
162
103
206
16
86
28
35
229
155
150
108
131
94
227
87
126
82
39
254
239
210
32
254
40
192
121
85
104
246
247
216
5
146
101
153
240
142
192
254
7
43
76
233
27
178
253
188
23
0
105
199
153
56
170
259
157
46
258
196
237
121
187
194
196
33
199
122
127
27
35
111
148
155
234
60
184
200
77
163
101
35
242
116
146
204
48
120
149
102
49
164
22
147
193
6
234
200
220
244
9
58
189
157
167
197
212
205
194
244
96
140
60
145
127
71
173
7
68
15
258
259
171
19
208
27
76
105
100
53
149
91
168
186
35
45
121
215
155
83
42
149
216
55
29
73
89
70
91
109
26
13
248
240
134
2
204
70
171
43
230
191
157
219
132
252
242
5
140
39
248
172
117
166
140
135
227
123
31
238
149
79
200
107
259
193
100
20
220
11
116
230
226
258
61
258
68
244
174
8
128
251
5
23
176
219
192
258
113
83
47
145
79
46
81
199
16
249
63
52
256
78
226
37
122
15
113
251
113
209
79
211
182
82
204
137
246
23
147
26
132
190
59
250
223
204
169
110
2
120
112
107
226
7
225
14
238
18
21
44
128
56
74
36
87
129
156
191
25
89
51
112
95
198
212
108
127
256
148
230
243
144
37
201
30
237
248
37
36
105
241
156
216
38
179
242
232
47
211
207
233
164
117
10
52
108
243
51
184
239
75
151
118
206
100
77
248
124
205
123
168
170
251
18
141
6
94
255
117
147
118
135
223
223
95
15
28
142
174
136
118
123
161
93
85
198
91
227
208
143
227
76
139
176
249
62
152
2
4
139
117
236
189
74
168
167
185
216
250
28
182
24
232
218
189
182
26
87
37
248
157
62
144
76
75
225
66
170
120
121
112
75
88
17
104
258
191
249
235
255
241
122
9
208
217
149
106
35
253
47
245
179
252
255
215
214
53
257
128
194
18
256
141
159
252
132
146
43
144
126
100
239
84
201
133
164
221
65
73
40
202
243
41
143
125
165
145
14
57
61
14
61
156
16
238
195
136
99
128
67
120
100
90
207
201
182
73
102
195
117
70
159
143
64
243
44
90
230
242
187
74
55
202
5
93
93
188
13
64
4
139
15
41
10
112
229
246
93
106
22
95
136
92
151
99
119
60
108
118
51
192
106
124
119
219
159
97
63
7
85
138
63
82
19
136
76
120
47
16
78
49
152
185
190
254
210
56
228
225
39
41
255
166
159
199
169
189
57
232
60
140
55
239
21
34
10
87
106
202
194
174
183
158
155
57
190
46
158
173
133
225
57
160
64
99
231
60
52
55
77
214
23
172
205
211
158
86
144
136
124
146
162
122
36
150
240
161
72
230
254
81
207
102
113
11
91
127
116
241
150
239
168
88
98
25
19
86
4
22
181
67
114
101
256
17
85
236
243
58
25
11
144
123
121
213
163
170
38
143
61
67
164
133
54
141
60
223
118
61
245
198
56
112
60
191
17
179
40
48
147
177
185
186
5
211
22
153
28
202
97
3
30
161
32
128
43
130
124
38
164
239
52
259
209
131
62
167
109
102
76
58
245
138
27
78
140
206
103
9
81
46
44
50
165
185
25
225
170
123
188
128
127
194
108
76
6
225
243
187
33
161
41
213
188
121
175
68
106
8
190
45
206
51
190
148
140
39
18
219
24
16
229
17
169
166
228
239
208
232
80
57
96
136
181
145
68
222
212
139
85
171
162
32
117
83
8
209
122
39
40
81
141
198
233
54
56
203
54
233
246
80
131
63
156
232
100
62
58
200
134
234
100
84
107
234
92
116
252
156
144
29
140
259
131
215
90
235
29
117
105
16
96
149
226
189
139
41
123
217
79
30
174
162
224
58
253
152
10
139
246
36
17
58
78
20
226
168
3
12
8
56
29
216
258
153
145
229
238
58
169
129
151
6
167
181
238
134
155
61
1
8
51
46
166
1
125
127
169
125
126
13
181
34
109
15
256
234
159
46
67
68
109
218
132
129
200
214
162
83
236
39
148
112
66
69
4
71
180
37
106
2
57
156
250
177
98
175
5
177
77
39
143
169
219
184
86
195
249
204
259
217
224
203
88
18
213
50
33
46
138
131
224
191
46
219
222
19
88
232
46
223
143
151
251
23
189
54
55
56
8
135
42
21
111
210
127
178
237
221
48
237
146
114
73
101
145
156
201
71
17
43
24
75
45
228
105
65
34
34
14
237
16
77
103
187
6
204
20
70
72
190
185
255
224
234
188
47
48
34
178
123
54
103
194
119
157
177
62
204
156
132
117
249
64
129
67
241
123
239
205
256
142
82
64
185
66
233
97
69
41
223
134
227
35
26
30
13
22
150
138
230
170
104
217
76
135
99
81
213
88
206
211
138
141
203
49
169
238
244
83
115
201
222
130
109
248
242
177
178
197
89
40
124
8
220
198
143
258
251
49
114
109
149
3
84
136
85
63
161
21
242
91
63
25
10
32
152
5
0
34
215
111
94
163
235
197
125
250
41
16
219
235
13
128
177
204
253
82
206
257
139
52
51
152
110
180
248
152
91
214
74
225
32
208
175
247
188
75
182
119
119
110
231
43
226
131
94
211
189
48
90
174
108
186
211
26
80
72
121
146
116
254
15
229
9
201
241
210
137
200
176
171
131
115
137
147
255
221
224
212
179
22
125
160
243
208
67
61
65
239
257
69
115
128
132
68
191
113
124
36
4
152
103
228
110
189
134
105
22
202
110
96
152
236
7
17
151
14
228
7
225
206
257
17
18
102
186
53
161
237
241
195
105
216
13
246
227
90
50
242
177
79
180
120
33
153
36
69
9
84
165
228
50
34
18
2
122
144
179
157
217
55
127
20
11
190
38
85
0
94
190
207
160
207
55
123
221
60
14
114
144
181
81
71
38
202
92
30
128
216
24
19
33
145
171
231
43
48
235
250
60
73
259
223
178
232
35
176
92
125
127
18
252
3
85
177
87
109
201
220
57
175
196
45
115
107
221
114
149
156
86
121
244
221
172
85
209
255
148
36
172
227
54
118
118
48
18
114
59
243
54
36
239
215
32
217
175
75
114
137
80
54
44
84
253
42
66
123
121
50
31
173
182
5
167
166
173
73
64
223
73
14
64
142
231
195
23
146
197
179
238
80
45
182
164
208
126
120
99
89
173
235
206
190
104
220
236
238
233
243
163
47
167
237
24
49
73
143
106
104
188
191
82
163
47
221
52
144
98
247
200
185
218
4
188
133
184
188
40
249
102
83
19
223
79
152
195
256
234
207
232
179
64
90
180
173
171
3
6
133
135
187
190
257
57
104
236
21
125
36
232
161
252
160
29
44
177
204
33
233
195
176
246
179
210
235
251
30
59
200
59
87
230
250
19
53
181
33
31
215
18
53
257
43
241
79
110
16
161
22
138
210
193
87
98
251
244
225
240
19
118
135
67
86
233
207
166
136
196
238
137
155
90
90
131
75
11
71
137
232
253
70
102
80
207
193
198
247
31
168
81
196
214
36
86
224
258
125
24
183
11
161
78
24
132
259
108
75
92
124
48
66
148
117
256
216
46
162
10
159
112
143
5
96
230
223
6
168
89
181
161
72
218
44
92
134
86
183
184
9
192
29
56
163
225
184
54
112
45
180
138
63
191
104
71
45
14
44
187
67
97
70
190
216
149
236
164
231
93
182
202
237
27
47
140
148
0
59
211
161
35
89
47
31
122
183
198
210
60
3
17
51
109
157
78
259
55
145
46
236
115
132
207
18
91
160
186
95
217
169
209
30
98
225
194
87
29
233
212
120
115
126
52
174
58
145
156
196
4
235
215
49
217
101
10
119
78
203
59
22
195
126
8
26
91
31
120
172
182
141
29
99
180
203
247
55
258
64
229
87
124
5
25
153
135
219
131
104
238
130
200
70
77
159
104
239
225
142
220
171
97
181
120
111
10
125
17
7
88
209
52
21
176
67
32
88
191
89
194
211
212
87
12
163
249
196
186
224
212
161
137
218
224
234
146
57
171
234
212
30
55
73
119
240
106
137
130
209
178
116
15
93
3
159
189
43
119
80
104
122
34
66
81
134
248
33
170
34
225
185
158
152
96
11
181
21
203
75
243
20
174
89
142
20
236
202
26
50
249
115
183
51
91
235
251
128
222
23
68
50
23
88
75
251
49
149
173
58
189
156
27
242
159
230
83
162
44
59
115
167
238
138
87
246
194
35
77
65
245
27
126
178
109
31
259
15
201
110
59
197
162
75
227
193
177
231
166
66
134
79
199
154
143
253
78
95
52
27
120
163
1
12
6
35
170
233
182
52
13
22
37
207
116
136
144
165
31
250
259
87
101
198
29
131
79
12
160
84
7
154
133
80
1
7
138
44
40
142
15
50
14
51
152
95
55
227
255
118
53
188
133
32
15
32
256
179
171
19
98
229
231
12
143
229
44
164
16
135
178
242
27
241
94
104
13
101
165
73
21
124
167
17
100
58
228
38
123
246
248
119
152
151
160
18
160
76
136
48
220
186
52
83
28
102
166
173
244
140
4
125
197
44
17
181
230
110
116
170
241
128
100
133
65
156
205
202
101
242
206
62
168
151
254
52
41
239
242
183
227
0
162
242
21
57
199
49
141
256
116
54
257
258
127
253
98
232
12
136
25
51
214
194
232
35
103
220
238
77
208
123
42
75
78
32
141
134
79
218
222
7
109
250
147
17
38
77
24
158
253
206
131
115
145
93
249
153
249
56
76
69
155
112
179
129
154
229
129
252
86
114
194
172
114
177
70
109
59
116
211
197
193
37
52
29
198
18
12
0
205
183
128
137
68
15
215
70
35
130
76
197
26
169
164
45
8
160
196
130
140
48
52
174
45
169
124
236
178
214
224
107
121
149
196
68
85
237
153
46
185
250
104
84
102
196
100
98
228
44
195
147
56
171
180
37
78
103
113
253
209
172
247
105
2
231
46
92
245
36
146
27
168
25
111
30
254
162
172
178
46
240
76
22
99
51
181
192
250
127
141
102
129
188
190
159
0
95
110
251
34
142
147
74
72
256
255
96
188
149
258
106
129
50
12
110
222
253
103
42
202
65
172
11
131
221
45
28
188
126
164
93
193
71
109
256
188
67
182
166
163
72
134
42
195
178
21
45
89
152
7
53
177
2
41
42
23
212
128
211
249
164
2
20
134
195
122
54
65
174
0
232
95
228
6
203
44
103
195
145
6
130
153
140
192
176
194
215
243
254
40
186
112
106
230
10
37
175
32
6
133
71
77
118
247
40
106
30
84
203
126
108
10
12
181
91
45
65
140
177
96
137
24
57
220
217
219
95
127
72
133
118
98
139
219
50
40
147
182
28
83
131
116
171
4
37
185
234
75
166
163
43
157
4
176
250
139
34
119
6
192
253
163
162
4
88
0
184
122
21
157
69
24
169
76
19
218
245
209
232
76
180
118
216
174
112
236
185
259
197
192
63
62
48
97
243
239
214
252
235
196
59
23
160
170
103
188
194
129
10
99
221
62
3
190
108
26
83
125
175
254
126
167
217
11
208
150
75
108
74
134
197
183
3
97
91
82
158
112
134
92
84
4
16
135
257
210
201
80
244
200
232
82
198
85
147
151
77
3
24
20
31
216
59
155
251
93
247
165
226
73
49
239
159
33
165
61
244
77
73
228
5
92
183
252
259
70
16
193
17
235
38
241
41
220
136
25
123
114
61
94
30
128
205
245
245
159
248
229
237
95
69
10
187
252
14
208
78
33
44
97
8
72
158
11
52
2
194
81
38
155
89
84
221
222
78
78
110
64
181
201
31
130
124
219
255
138
214
58
186
32
202
89
122
69
23
118
142
203
82
60
