time: 5001ms
iterations: 272971
color types: 28
conflicts: 8
colors:
23
18
16
27
23
0
5
0
3
20
10
3
15
9
26
23
16
12
15
26
22
20
6
25
17
25
25
3
23
2
27
21
22
13
26
27
0
18
24
19
16
7
24
21
26
17
6
27
5
12
20
11
8
21
22
10
2
13
25
2
19
26
0
22
24
1
4
19
3
11
13
25
20
26
23
22
22
7
21
22
1
14
2
27
17
3
7
26
0
25
27
16
10
1
2
24
8
27
8
8
7
20
9
24
10
16
23
17
11
26
14
6
8
15
25
0
9
5
14
27
18
17
26
15
1
1
6
19
13
14
24
20
25
18
17
12
4
15
7
22
5
0
19
7
20
16
19
11
9
19
13
15
12
2
26
18
19
4
20
26
27
4
17
27
21
4
14
21
27
21
12
7
6
12
25
5
26
18
12
11
12
8
14
8
10
19
21
8
18
20
11
7
2
11
1
11
5
11
2
9
22
23
1
10
6
9
8
13
15
14
10
17
13
0
14
2
17
22
24
25
21
18
5
15
3
3
0
14
23
18
3
12
24
16
16
8
4
23
0
6
20
10
9
16
13
11
2
7
4
19
