time: 23360ms
seed: 20060713
iterations: 1651955
color types: 28
conflicts: 0
coloring:
23
4
18
8
23
10
21
1
10
6
4
20
12
11
5
23
3
4
13
5
8
6
26
0
27
0
27
24
23
25
14
0
25
12
5
13
3
10
3
19
18
9
26
12
5
27
12
10
21
21
6
21
2
7
7
4
25
22
0
21
17
5
13
17
10
13
27
18
15
15
25
4
6
5
23
14
22
12
21
2
9
13
25
12
27
13
9
5
1
0
12
27
15
24
25
3
2
10
4
2
3
6
11
22
2
18
23
22
1
5
20
26
2
26
14
3
11
24
1
19
14
8
5
18
1
15
16
2
25
20
26
6
0
26
26
17
18
19
17
25
13
2
9
13
6
20
18
1
3
9
21
19
22
14
5
8
27
1
6
25
7
13
19
11
24
2
27
15
18
11
17
16
26
0
15
22
5
14
17
0
10
8
20
8
12
16
24
19
3
6
4
26
9
7
25
7
1
21
8
11
27
23
20
16
26
24
18
16
13
2
3
11
20
10
12
8
7
16
1
0
24
4
16
19
15
22
8
20
23
14
17
3
2
3
10
15
17
23
24
18
6
21
11
10
16
2
16
15
21
16
