time: 600001ms
seed: 20060713
iterations: 11448280
color types: 49
conflicts: 3
coloring:
9
3
36
34
48
19
28
46
3
43
33
19
31
31
38
43
28
13
26
8
11
31
2
34
16
20
48
29
40
42
0
2
15
18
21
5
0
9
38
6
28
27
8
5
4
0
19
44
15
36
35
34
16
42
37
38
11
6
20
3
25
41
41
41
12
2
35
23
22
12
26
18
42
3
2
18
25
36
24
19
8
7
22
23
39
48
9
13
13
7
29
17
17
44
11
30
47
1
3
0
42
9
33
34
47
11
15
12
30
14
2
12
9
11
21
32
2
8
40
22
33
11
24
40
14
41
4
40
46
37
41
23
42
2
37
48
37
20
23
3
25
4
17
35
15
22
19
14
5
44
24
43
5
14
16
21
31
20
29
1
37
22
32
8
40
40
45
9
14
42
42
4
42
1
7
10
32
44
14
34
28
15
41
29
31
27
31
21
8
37
47
42
2
21
1
11
36
0
13
25
21
30
46
26
4
45
8
25
6
45
6
6
7
32
5
48
41
16
39
47
3
1
28
34
11
27
17
27
27
29
6
12
6
5
41
29
1
10
31
33
17
38
10
37
42
44
24
33
10
35
40
1
38
30
10
19
10
15
23
29
20
27
22
43
16
9
20
14
20
26
18
39
22
18
11
7
1
35
27
39
30
45
6
11
28
14
46
17
29
20
24
26
30
18
28
43
29
39
9
6
33
13
10
2
40
46
33
13
7
5
14
19
24
39
47
11
1
7
40
1
6
30
27
47
9
47
16
5
9
24
17
22
22
25
2
13
25
8
7
43
35
19
7
18
39
36
38
0
35
12
12
32
23
17
34
44
46
29
40
23
37
26
15
26
5
0
43
37
0
36
20
11
21
29
38
10
41
33
18
34
17
2
16
39
35
43
21
48
45
40
46
25
28
13
14
25
9
7
19
45
26
26
25
33
23
5
1
26
44
46
30
15
48
18
44
4
24
31
41
10
4
35
5
0
16
2
13
34
29
15
37
23
45
15
1
24
16
21
27
10
21
19
34
25
44
41
8
35
38
22
20
38
3
32
12
37
31
26
37
3
8
12
38
9
17
32
5
19
22
13
39
37
45
23
39
28
17
27
36
44
6
47
3
47
45
18
35
44
48
38
26
45
4
3
48
20
31
48
38
47
