time: 600001ms
seed: 20060713
iterations: 713488
color types: 83
conflicts: 56
coloring:
34
62
70
21
5
59
67
5
60
65
25
81
68
16
64
55
32
55
31
75
34
78
73
59
59
4
22
79
15
62
72
18
61
44
61
45
29
70
4
34
72
30
24
42
55
14
39
31
70
61
54
5
3
7
59
13
53
34
48
82
13
27
42
42
65
16
63
31
45
26
22
36
28
64
58
2
66
46
5
16
77
14
68
61
22
62
69
12
74
61
37
43
25
47
35
25
29
61
7
28
54
46
45
50
15
27
37
71
13
31
55
34
20
60
76
77
74
3
53
36
14
79
43
41
82
41
27
33
61
34
8
3
14
17
7
0
67
48
78
6
22
23
67
15
80
80
15
26
60
28
28
2
38
29
29
57
15
14
39
65
41
78
58
24
80
79
80
16
7
64
80
4
70
42
42
33
26
64
47
67
21
47
70
70
75
39
40
45
12
6
6
37
29
72
41
13
3
14
18
79
26
19
19
10
4
38
17
59
81
78
38
69
73
23
23
22
4
4
65
42
58
26
20
80
24
2
61
48
27
32
23
48
48
66
18
11
11
54
74
49
17
72
43
4
36
8
31
26
71
31
18
44
62
81
6
25
55
19
41
26
82
56
0
37
36
33
6
52
47
37
28
0
82
57
57
39
52
50
56
81
57
82
21
51
76
71
21
57
40
25
66
39
65
2
58
53
18
33
59
71
72
75
48
9
14
79
44
28
12
4
9
1
12
50
43
75
23
4
8
21
64
51
47
36
10
67
9
12
32
69
11
63
49
56
82
53
5
32
52
13
81
54
65
31
0
22
20
12
27
34
18
62
74
51
19
60
48
44
80
61
58
29
26
45
62
51
61
30
15
70
77
10
30
0
68
21
68
9
65
17
36
17
34
46
38
35
16
35
3
66
67
63
69
15
67
61
60
3
41
11
35
28
59
41
17
38
72
81
1
58
81
21
36
59
21
26
28
45
23
41
44
78
18
66
46
82
1
45
73
30
78
52
77
27
40
5
11
22
69
47
77
11
38
31
10
19
63
72
22
0
18
28
15
7
72
32
17
35
53
52
18
34
69
33
82
54
28
2
14
58
49
52
23
65
69
27
49
33
34
62
45
48
15
15
35
45
58
66
34
44
20
74
41
49
73
9
17
47
19
35
2
55
37
76
0
56
22
24
37
38
24
24
30
50
42
25
29
40
77
79
69
0
49
59
70
5
74
32
5
73
57
8
36
11
71
56
26
32
77
16
24
7
2
63
18
58
29
24
75
73
64
14
4
20
54
13
53
79
67
40
52
10
69
62
5
1
40
77
20
49
7
38
33
27
40
16
7
71
52
53
68
73
11
72
38
50
4
11
1
36
11
11
10
33
76
50
17
10
35
8
3
72
9
30
55
47
63
67
49
11
48
45
20
60
9
47
54
68
25
33
9
38
4
16
42
46
76
43
46
27
49
67
59
75
21
65
77
75
64
50
12
8
8
66
10
76
75
80
43
1
15
69
19
72
39
46
7
50
32
13
78
19
13
52
69
63
56
30
0
39
47
52
44
50
22
80
56
8
50
8
39
30
80
25
38
66
6
65
23
79
66
23
43
62
21
71
38
46
6
18
40
24
82
40
0
58
53
32
22
56
50
80
41
1
25
64
1
26
39
3
36
48
67
63
3
77
45
28
54
10
26
39
52
12
62
12
72
62
64
51
6
10
78
81
14
23
39
51
51
14
78
46
78
5
18
64
40
63
64
60
46
35
57
1
61
27
68
77
43
57
36
60
23
24
26
21
77
13
8
23
53
68
17
82
60
68
63
25
75
30
27
6
49
65
70
56
35
62
25
76
41
71
32
74
73
10
58
33
37
43
21
9
31
1
76
48
29
44
63
57
81
74
1
65
26
42
3
56
14
9
55
75
54
21
43
78
51
46
36
64
32
47
33
57
37
40
31
29
66
82
19
73
0
8
32
80
41
20
59
68
16
81
41
71
81
42
50
40
51
40
68
46
66
78
76
35
64
57
2
58
25
2
67
1
79
73
55
42
60
9
19
9
19
5
20
17
7
68
53
70
79
74
74
30
55
12
78
30
29
60
42
44
51
35
30
79
49
74
54
17
76
29
82
75
79
71
20
62
45
14
23
70
20
70
77
6
76
5
27
60
53
15
2
16
13
47
69
23
19
60
71
73
52
12
22
68
6
47
8
28
33
37
69
74
73
24
12
12
16
56
66
68
0
42
48
24
39
28
37
59
54
27
10
30
58
37
59
31
13
82
16
43
81
56
9
50
49
39
54
20
