time: 16269ms
iterations: 10001
conflicts: 349
colors:
1
73
72
27
101
12
21
53
119
53
127
32
10
47
101
39
111
86
107
18
60
73
46
129
78
113
51
72
82
116
34
80
129
126
38
82
86
56
73
7
120
118
134
26
116
6
120
102
131
76
73
31
33
63
67
67
123
80
105
30
101
125
1
23
133
9
12
117
65
55
112
4
142
4
132
51
95
84
40
117
97
101
98
82
62
139
117
80
49
81
45
75
125
70
53
97
115
84
107
128
138
112
114
91
17
143
140
37
74
38
106
88
26
75
92
8
24
4
110
106
59
60
98
0
5
8
49
21
62
123
6
48
0
22
68
55
68
5
8
23
135
123
105
76
142
102
64
67
81
84
87
32
143
97
60
77
33
98
16
78
14
128
117
40
86
17
102
118
108
87
101
15
66
33
141
51
19
46
53
90
30
39
30
102
52
119
34
105
116
11
75
64
132
89
7
70
139
142
138
93
77
18
137
26
119
68
60
102
97
70
27
136
125
57
124
50
25
13
5
89
33
89
50
61
95
83
42
11
45
0
43
107
144
141
58
57
142
84
91
32
11
32
4
3
12
13
49
107
128
74
48
90
83
145
94
65
29
129
67
75
96
43
109
96
103
113
76
71
17
4
116
116
60
98
105
109
24
73
54
16
135
24
67
38
45
88
101
16
15
33
143
69
2
107
106
74
25
133
81
105
13
119
77
92
31
110
10
124
69
36
143
43
119
72
26
66
70
119
131
112
43
42
125
63
18
104
2
41
122
44
69
26
38
4
90
59
49
0
116
16
97
124
89
67
60
96
14
114
41
27
84
94
114
71
75
115
138
49
62
11
31
7
35
140
58
66
58
145
72
107
65
74
4
49
123
110
81
8
9
37
19
66
16
28
69
121
145
137
133
84
55
51
42
32
34
144
65
17
86
132
107
71
35
100
57
23
57
79
138
97
63
18
93
100
46
2
102
24
45
96
114
119
83
99
86
25
98
130
44
37
7
114
131
94
34
20
41
131
92
145
138
74
35
51
69
66
140
137
41
93
122
133
49
30
38
100
90
16
32
43
54
132
56
142
61
129
2
72
52
127
59
94
20
102
63
131
86
137
47
58
42
107
119
125
83
105
63
46
14
120
114
6
50
4
3
95
72
93
18
97
95
7
136
40
139
99
130
24
68
83
88
15
50
6
53
79
136
35
115
129
52
5
141
45
81
94
140
120
52
75
27
42
63
9
42
24
108
38
90
121
42
134
77
67
61
11
118
21
113
22
92
44
67
15
9
111
66
83
20
65
0
130
69
116
81
96
126
65
87
72
8
96
53
73
94
44
51
58
12
122
23
115
33
78
34
145
115
36
22
111
45
144
58
128
99
43
62
143
38
90
73
138
82
5
131
70
124
131
30
36
16
40
98
105
100
87
81
65
33
130
108
132
32
116
99
120
65
54
0
56
83
144
26
112
4
80
102
88
115
33
93
102
34
87
117
98
70
86
21
119
53
58
144
97
95
41
92
70
71
68
85
90
95
113
45
103
110
61
89
56
99
9
49
113
54
112
108
48
80
2
64
55
76
28
127
70
59
100
22
87
31
71
47
42
41
64
106
54
87
138
47
23
89
13
39
1
104
7
3
91
122
132
67
34
10
43
68
118
2
6
37
74
106
141
82
131
73
99
84
54
100
80
141
85
99
35
121
46
142
141
109
128
135
88
43
120
60
12
102
89
85
133
67
138
36
16
145
1
118
129
75
31
10
91
139
111
51
81
57
76
86
114
144
28
73
135
52
8
98
44
42
136
16
106
83
113
118
131
136
82
2
139
44
62
112
41
85
27
22
2
137
14
96
6
77
3
122
117
9
55
72
115
142
119
145
113
108
77
12
143
80
46
83
87
108
30
97
15
3
14
104
37
59
133
63
26
105
41
33
30
128
113
127
29
38
74
112
49
56
50
43
104
44
2
139
118
111
104
87
64
94
20
108
25
10
12
16
29
34
54
123
100
106
144
77
17
8
11
30
137
140
52
61
24
5
20
110
5
111
124
34
48
38
13
143
109
118
135
144
125
64
42
36
10
59
120
142
34
64
84
126
143
124
143
91
56
70
29
14
9
95
135
15
7
32
89
15
121
29
120
9
143
6
78
60
143
76
58
11
0
50
78
141
8
121
20
125
122
5
126
111
98
80
145
55
103
61
75
119
93
109
83
126
11
113
15
102
83
93
64
71
129
48
104
5
134
81
6
74
46
33
4
61
90
91
18
85
98
68
7
104
9
124
64
92
45
84
21
19
105
69
7
21
33
30
75
78
86
84
14
16
145
44
91
78
140
55
124
62
82
75
109
117
23
50
31
136
49
119
51
35
54
72
114
135
143
54
124
24
83
54
8
13
40
32
8
105
19
2
137
133
99
88
6
17
95
50
127
11
76
94
58
1
36
130
114
100
57
122
57
93
22
28
10
53
45
69
29
89
46
95
94
85
107
132
25
14
135
145
22
14
76
52
131
90
88
100
145
92
139
129
37
49
111
134
123
9
76
95
108
3
49
126
50
133
45
52
140
48
78
134
56
23
117
31
49
54
34
0
79
130
64
117
17
89
137
107
80
19
89
142
4
37
121
111
79
142
15
110
90
52
37
46
7
19
16
128
15
38
47
134
82
55
47
145
84
96
37
78
48
140
60
93
140
9
63
130
45
26
53
57
6
88
119
34
120
15
62
68
19
20
144
53
145
41
8
42
50
3
97
50
100
134
129
46
6
18
118
127
16
27
18
95
8
123
78
107
104
28
59
79
1
119
14
62
7
31
47
70
58
95
74
99
17
77
44
126
79
50
103
96
56
52
112
69
26
48
99
85
1
41
51
19
74
109
118
36
40
143
68
76
26
88
27
21
31
14
23
132
13
102
47
100
24
63
103
76
106
134
92
111
10
24
74
130
139
112
45
91
89
72
40
117
25
5
129
87
56
72
91
140
125
17
71
30
110
27
79
69
82
134
139
44
64
104
90
3
120
32
67
11
104
93
13
122
124
122
32
135
37
47
50
109
39
85
61
66
135
90
81
91
96
25
112
58
114
19
37
23
66
29
140
51
63
123
76
19
136
110
105
127
97
91
102
68
10
112
91
113
122
118
116
67
53
54
9
102
47
113
86
40
70
10
100
1
118
89
35
109
75
30
137
121
31
103
136
79
38
35
121
71
61
139
132
141
7
13
20
87
120
7
58
18
133
143
126
51
0
29
94
29
127
22
144
54
50
91
131
33
139
0
6
27
130
93
92
129
115
12
103
124
133
9
77
6
21
0
1
12
101
142
96
110
12
46
13
36
86
74
103
141
117
30
25
31
89
138
19
94
46
4
140
59
141
45
114
85
55
106
125
17
125
38
95
79
141
42
136
1
39
36
72
109
26
21
58
136
72
14
21
15
3
51
65
115
29
118
70
78
56
56
115
130
10
101
49
135
69
145
63
21
60
77
21
37
127
42
0
11
44
121
96
130
27
73
135
2
6
83
40
98
40
136
24
52
110
18
19
56
143
141
113
17
71
38
26
44
118
35
13
20
110
67
18
12
111
25
124
73
128
137
44
29
16
53
33
73
3
39
44
105
78
20
125
73
23
13
80
77
132
134
0
121
92
41
110
67
97
30
111
56
36
55
59
60
42
38
117
55
109
120
120
127
58
84
113
76
48
130
28
108
62
34
22
88
85
5
2
128
60
5
103
57
29
35
94
24
112
54
137
2
92
69
99
66
115
134
143
11
34
141
57
131
121
59
40
144
126
134
84
48
15
134
139
92
61
27
24
138
103
20
48
25
28
32
87
45
52
62
126
111
121
28
4
36
21
142
5
62
123
99
46
13
71
124
101
18
68
31
134
97
32
65
61
128
127
108
64
22
132
12
39
30
65
97
94
4
25
85
69
8
64
111
79
66
35
73
112
39
57
82
71
145
101
137
116
104
2
20
131
56
121
88
139
125
17
41
47
43
93
65
125
122
61
43
50
64
80
3
95
133
0
63
82
68
80
21
123
117
24
53
99
132
57
124
41
136
114
45
71
106
122
12
25
81
85
83
103
44
77
89
10
40
31
59
85
17
46
81
138
81
55
36
22
138
47
98
16
67
91
78
35
71
92
63
62
108
136
129
87
41
133
63
14
68
79
68
77
83
107
79
48
57
58
91
82
142
123
82
127
53
104
116
122
110
39
35
23
116
108
39
43
71
82
142
77
84
47
138
28
109
113
117
19
1
46
28
96
54
144
129
127
38
20
103
85
70
133
19
51
66
62
52
137
130
14
93
77
8
106
34
25
140
39
101
18
101
1
55
105
97
47
81
126
68
90
122
39
134
103
128
35
78
140
129
43
99
127
125
93
45
10
66
36
48
27
108
126
60
12
80
75
57
135
106
53
115
6
20
114
57
123
86
71
108
139
41
92
26
101
1
37
23
54
105
28
11
101
39
72
65
15
144
62
107
82
131
118
79
98
32
39
22
126
55
138
112
66
132
128
106
20
75
88
76
32
3
26
137
59
31
86
28
43
100
104
88
5
66
116
