time: 600039ms
seed: 20060713
iterations: 2721
color types: 409
conflicts: 466
coloring:
305
84
283
265
35
79
296
54
144
107
17
36
122
212
85
125
322
96
370
79
39
42
277
14
145
313
236
62
284
192
393
107
73
34
372
295
228
148
134
11
317
406
389
279
342
172
396
341
234
95
175
342
371
380
118
149
158
173
110
168
273
383
1
32
202
264
329
22
364
370
351
180
405
402
325
217
109
354
395
355
263
328
155
297
245
236
342
27
209
344
399
177
333
87
133
307
312
383
13
86
2
305
312
101
332
243
43
373
147
174
270
385
203
390
280
63
333
157
106
216
355
7
339
12
391
170
190
86
35
379
199
37
142
102
216
248
392
110
124
240
300
226
101
305
210
205
280
316
87
360
106
179
81
338
286
127
160
260
68
195
26
357
85
18
260
56
204
128
208
41
170
175
188
289
223
244
187
164
186
169
325
153
317
336
149
376
183
249
63
366
261
289
260
346
363
151
185
396
360
361
321
32
278
154
337
61
111
51
56
343
101
75
65
48
67
227
68
108
324
70
350
101
360
237
134
46
200
117
321
37
367
26
98
127
380
229
246
6
47
167
285
36
326
408
388
173
198
191
112
31
262
206
24
78
299
317
160
190
335
163
138
57
255
35
241
332
26
395
377
192
180
184
18
116
387
3
275
95
195
271
296
345
13
330
290
130
119
29
8
333
59
147
269
119
0
287
318
24
7
129
273
21
2
349
123
295
353
289
280
200
323
75
318
57
208
367
179
219
130
248
243
175
153
102
162
204
138
256
85
40
268
106
6
192
347
63
133
291
218
292
130
32
330
181
177
186
246
84
62
189
239
113
75
158
71
260
322
51
79
407
398
286
405
259
153
196
210
341
369
286
319
328
377
115
405
60
100
75
232
146
384
408
25
50
122
176
284
355
386
172
288
140
364
373
132
17
346
37
257
277
197
96
272
183
247
263
243
228
37
332
370
234
193
44
239
207
252
371
40
33
218
137
102
91
155
338
123
61
266
374
130
115
343
357
255
185
67
389
366
376
244
395
311
398
196
125
84
110
156
106
302
281
122
238
23
327
377
80
161
162
345
173
222
48
367
82
345
170
352
315
124
22
158
136
12
19
261
396
221
36
93
357
197
270
346
160
203
246
131
314
96
207
301
278
237
280
381
16
285
209
325
67
367
218
276
214
253
375
162
232
8
284
14
234
228
135
362
20
338
206
275
120
165
144
182
214
75
289
310
251
336
43
392
403
285
157
8
140
279
143
28
304
293
208
84
131
265
87
353
89
402
219
350
402
306
401
102
272
65
292
342
394
393
397
288
118
304
18
148
305
64
135
4
147
204
133
163
10
158
23
181
290
99
11
314
274
114
369
269
309
257
272
139
189
80
393
258
183
156
355
82
126
20
123
356
28
111
370
252
362
25
66
316
34
292
218
121
198
240
282
195
330
39
378
72
401
283
113
267
295
3
349
5
210
217
378
286
328
332
196
368
312
40
37
202
126
321
85
384
196
125
225
236
188
162
309
180
261
81
51
9
55
265
335
302
152
371
247
92
16
306
357
134
379
225
36
294
76
271
364
242
33
108
11
112
155
155
229
294
105
90
281
216
50
137
18
219
4
352
212
394
325
228
190
375
365
98
306
151
382
208
67
282
122
308
117
253
92
304
270
30
318
269
14
222
406
300
169
89
88
117
382
126
384
3
393
78
287
338
135
315
66
352
189
64
329
276
227
299
303
324
279
169
359
344
47
9
83
383
61
163
44
159
157
68
331
404
53
408
324
273
200
361
174
175
268
152
264
231
32
39
302
331
95
369
352
270
83
408
199
223
321
242
93
129
404
319
138
407
125
167
244
367
96
137
305
90
183
92
304
250
11
165
68
339
400
33
168
206
292
368
211
193
17
224
8
298
256
77
24
381
273
251
392
149
264
194
203
61
320
327
212
167
234
234
245
3
34
248
303
307
1
321
28
83
326
408
45
86
64
198
161
78
331
2
27
353
9
263
177
144
39
227
24
379
198
18
57
104
210
240
99
178
76
320
162
12
344
94
91
341
168
43
345
90
280
406
379
271
145
326
291
76
121
4
132
233
49
375
238
298
10
277
97
91
277
177
121
290
220
352
317
143
241
82
210
195
374
182
46
211
358
221
150
26
94
365
259
140
308
98
371
396
266
30
151
29
154
380
191
215
319
332
282
151
358
179
262
394
362
404
248
82
261
42
100
14
262
120
232
325
136
348
10
394
381
161
285
320
70
320
382
323
237
401
4
359
63
296
91
232
331
293
327
153
178
267
146
80
268
310
6
118
220
402
223
119
74
190
86
127
110
159
70
92
19
377
180
105
55
113
336
285
115
51
55
226
65
308
361
173
51
69
218
34
107
206
40
140
103
27
323
129
399
13
369
242
1
105
233
290
245
20
50
301
178
129
13
304
41
296
219
230
257
303
390
164
323
182
28
201
82
260
398
97
29
375
334
327
202
178
243
31
276
108
274
54
1
108
221
407
78
283
140
191
20
112
360
213
23
196
407
372
360
179
230
241
348
291
341
15
23
284
189
335
266
44
389
132
12
349
250
356
263
5
201
134
194
200
114
310
173
388
309
276
9
100
127
47
216
121
111
133
157
341
104
199
171
0
121
347
387
294
178
45
189
70
292
375
187
188
346
0
264
19
366
297
363
225
397
374
166
348
124
366
182
274
202
306
181
346
228
398
324
77
356
250
201
226
139
233
166
5
275
174
316
287
314
247
225
236
403
224
330
308
333
351
128
84
52
202
355
7
318
87
271
278
350
252
235
73
142
31
211
371
57
94
134
400
29
171
148
102
96
319
148
384
381
167
218
97
239
363
406
399
141
340
184
49
373
184
15
331
334
241
77
366
15
34
390
72
22
400
215
172
222
339
143
262
98
161
258
293
170
89
47
115
363
141
156
41
256
384
342
399
59
120
247
343
213
223
123
264
146
21
173
156
295
188
142
323
139
350
80
149
290
26
164
67
142
21
153
396
258
300
266
350
38
395
337
171
131
306
8
45
407
93
383
38
368
172
12
188
249
213
298
88
209
187
225
253
49
167
105
60
298
287
74
160
224
281
176
374
30
193
299
127
307
109
22
64
171
377
123
46
336
54
367
151
168
19
6
94
316
53
56
95
365
42
194
1
33
313
91
52
122
404
237
283
53
372
2
42
128
237
128
201
265
368
235
388
298
230
251
274
194
231
77
158
124
312
150
21
300
58
163
17
111
166
354
187
249
254
363
38
81
214
136
212
168
372
198
170
16
55
397
203
126
401
275
376
214
88
314
194
329
244
131
283
150
55
87
288
368
272
340
297
296
38
252
217
357
27
365
126
152
146
247
277
239
103
31
397
52
374
197
137
373
317
106
90
119
405
301
220
365
16
16
289
53
396
267
90
235
230
35
339
174
231
35
334
267
226
254
311
303
259
150
294
166
266
253
297
359
397
378
92
224
146
184
45
329
359
254
358
176
79
111
22
154
405
243
372
383
65
71
257
0
11
248
347
62
302
155
52
311
231
99
223
63
136
107
58
58
374
24
81
73
222
185
281
313
347
351
238
353
48
327
275
166
269
172
193
9
69
59
181
104
330
33
279
7
350
262
183
263
203
145
98
220
212
57
160
114
44
191
226
280
219
379
229
251
135
382
362
73
255
70
27
110
271
335
388
191
287
279
120
296
386
192
109
272
282
79
404
391
2
169
299
5
334
401
4
129
179
114
159
52
66
301
392
88
133
46
77
362
385
53
181
128
233
103
318
364
7
338
397
109
388
348
328
399
333
257
165
139
270
245
194
275
112
388
373
390
141
242
43
69
113
400
208
259
311
322
255
109
298
293
76
28
385
150
259
30
89
74
95
165
349
307
54
185
56
59
380
340
182
385
221
311
138
369
214
12
152
23
108
83
49
390
281
382
227
180
238
408
69
68
36
190
256
58
21
104
200
308
211
274
19
233
400
389
99
138
66
103
64
41
141
314
169
125
268
278
386
97
176
157
256
231
342
120
205
407
347
25
301
276
88
133
196
378
358
354
186
291
300
38
193
62
204
392
30
322
144
249
222
309
29
15
25
48
219
209
254
207
77
324
187
139
159
236
299
116
265
31
255
254
135
215
117
334
89
195
199
10
340
85
177
403
381
116
315
251
205
80
60
232
112
380
143
114
0
393
60
61
154
387
358
340
326
73
164
240
113
10
344
189
192
356
246
71
286
307
398
238
329
49
103
46
406
213
351
359
267
282
343
302
72
377
211
162
100
130
215
48
337
59
394
309
402
71
171
132
20
315
197
32
331
74
376
403
147
63
60
43
322
313
217
76
224
322
206
161
354
310
253
258
156
186
36
152
45
197
209
205
378
207
320
185
348
288
54
268
213
59
50
141
284
230
242
143
370
244
269
351
47
220
361
391
41
235
40
118
337
326
250
124
56
353
349
376
354
13
93
225
186
386
201
229
315
291
148
233
105
205
316
252
293
349
239
278
145
83
288
391
310
387
72
325
115
215
386
336
66
403
246
72
207
175
235
78
226
154
71
17
14
116
69
97
