time: 600003ms
seed: 20060713
iterations: 4235
color types: 260
conflicts: 1781
coloring:
251
176
115
136
78
32
8
197
170
44
242
39
43
75
227
205
86
254
56
70
154
112
207
2
121
142
61
115
255
247
245
189
163
40
253
46
14
72
197
133
218
103
202
120
217
211
121
93
46
194
199
212
60
69
193
165
84
147
30
192
189
162
254
251
236
33
83
155
188
53
160
13
21
125
228
212
220
137
117
6
133
216
252
49
157
153
63
211
206
122
55
53
149
91
187
117
101
185
213
34
104
249
6
83
121
77
75
138
17
127
252
155
215
173
121
112
181
163
74
80
29
101
241
39
122
188
244
196
256
235
70
193
87
44
64
71
139
59
134
28
0
180
143
44
149
259
32
112
162
130
193
211
243
95
51
167
136
14
10
48
117
160
175
204
218
54
41
89
203
58
200
65
213
132
188
215
4
178
186
41
251
40
114
164
15
81
71
41
54
110
106
43
91
223
120
133
178
145
218
17
244
6
116
193
5
91
214
164
18
140
207
36
180
68
20
18
21
243
142
245
61
65
55
230
56
169
203
94
105
123
111
161
25
35
20
58
90
180
183
217
2
239
113
57
87
61
220
146
32
234
135
174
66
177
231
168
158
176
239
199
106
222
175
176
9
236
130
47
186
10
1
246
180
140
88
250
235
30
253
31
103
181
96
69
164
18
107
48
127
141
191
122
44
33
241
186
85
233
111
53
126
252
156
60
134
223
112
71
183
132
126
223
233
186
7
74
248
111
56
7
65
128
220
132
50
178
163
89
74
247
45
106
145
124
219
169
178
191
115
147
60
91
232
62
61
240
123
88
177
126
56
28
39
106
10
12
241
50
34
171
121
219
12
236
145
70
183
117
56
15
92
195
206
20
244
238
132
74
27
42
166
84
178
237
138
1
241
40
173
177
140
234
189
237
221
34
165
81
6
207
190
166
137
156
231
108
208
89
168
75
201
151
31
68
100
66
78
247
91
48
198
89
9
28
182
8
202
53
168
221
44
60
183
255
12
141
243
30
77
203
255
65
130
16
223
163
123
144
177
132
34
20
221
95
94
16
195
239
220
171
152
233
35
243
230
103
20
125
93
126
46
216
112
211
59
204
206
110
85
86
58
200
24
145
56
154
204
190
151
33
93
41
228
245
159
124
49
198
249
259
3
249
5
215
25
187
94
37
37
196
10
152
95
81
134
170
64
100
151
36
225
128
38
247
212
38
129
145
55
69
90
140
159
30
234
32
236
0
51
127
68
9
19
49
13
119
153
35
89
76
49
16
14
155
73
146
3
36
91
245
107
47
39
81
29
184
146
5
184
238
255
199
170
5
186
208
64
193
11
47
203
100
126
52
127
157
231
2
59
27
61
40
157
99
14
229
200
210
116
62
198
184
32
245
165
55
88
240
196
99
141
222
240
69
253
73
177
77
79
95
90
132
71
87
101
98
206
83
142
84
52
59
49
255
90
26
93
189
214
61
186
156
31
94
66
75
97
70
46
45
230
243
93
203
162
204
4
108
114
243
244
59
224
245
1
229
171
1
251
125
147
44
70
242
69
84
62
133
60
165
58
119
99
128
33
124
236
174
242
256
215
74
85
254
200
145
46
102
251
138
139
183
243
128
111
218
28
181
173
226
5
102
209
99
191
227
239
96
165
202
203
74
200
225
79
109
194
206
4
211
59
188
67
65
149
106
98
38
160
121
193
146
149
151
145
229
14
215
114
179
31
209
171
143
71
159
161
219
160
151
42
216
231
162
153
77
164
198
81
37
134
80
195
166
81
128
111
214
110
109
126
12
193
183
185
100
114
33
59
192
122
132
223
145
143
80
26
108
45
173
97
63
216
250
5
245
106
236
38
103
227
159
138
88
36
44
257
213
176
144
112
164
76
246
254
234
178
165
246
174
122
181
254
60
22
94
178
34
105
111
217
140
256
188
120
87
53
154
113
200
29
35
229
224
66
57
151
86
169
225
252
0
188
189
61
100
58
176
229
88
250
82
106
77
50
83
242
154
53
219
211
210
191
243
194
173
183
189
185
62
68
216
259
98
55
240
31
250
43
88
119
14
132
143
254
39
124
236
257
132
192
185
152
62
110
100
169
141
85
180
200
48
7
30
28
194
98
241
225
82
202
141
70
57
42
74
82
121
182
70
207
99
5
231
167
29
105
93
96
59
80
61
80
74
44
250
168
169
248
207
72
123
91
91
26
158
206
240
184
53
172
226
10
49
228
160
210
242
251
116
154
130
22
105
150
1
203
127
232
155
173
115
78
124
102
256
152
217
11
116
146
127
66
60
187
132
199
71
169
37
127
218
239
43
56
250
130
139
39
58
166
10
129
216
138
8
184
112
246
11
252
214
110
140
112
223
208
129
161
141
108
33
232
191
70
167
129
197
179
76
153
213
107
107
41
83
163
57
229
79
67
50
83
46
208
40
10
210
115
221
169
18
221
6
40
77
152
65
227
16
161
97
166
103
62
15
158
127
151
138
231
250
250
79
230
198
132
71
138
144
41
217
52
219
148
97
240
198
121
8
79
29
42
191
201
71
184
168
179
125
87
145
108
67
170
150
206
30
74
104
41
182
135
237
85
107
69
47
257
221
189
106
228
12
205
28
118
121
204
225
68
94
91
89
256
8
248
134
3
57
82
229
201
91
173
4
93
63
221
34
179
251
251
110
244
115
12
94
1
143
90
10
62
164
148
191
187
148
162
105
219
64
95
83
127
150
231
218
44
173
103
95
198
46
214
26
105
20
155
177
23
199
0
253
54
206
75
137
79
2
243
28
246
24
103
37
46
27
202
226
14
249
58
141
71
89
149
144
127
79
252
18
252
250
22
164
167
214
60
148
75
109
86
160
72
37
79
208
64
246
143
32
231
135
64
245
139
87
116
190
142
126
120
90
153
60
13
82
257
18
211
44
252
9
7
252
75
194
132
47
138
83
161
56
35
175
164
31
35
97
62
38
256
242
236
59
33
106
111
100
65
216
150
112
191
184
239
162
220
184
17
63
92
79
152
150
254
102
120
240
168
172
109
102
226
196
259
94
71
143
18
95
52
241
211
71
86
98
85
65
230
244
221
111
179
115
39
226
182
119
123
12
244
135
200
179
28
232
3
67
137
207
7
123
84
223
201
6
114
123
109
30
161
109
105
157
46
242
104
108
246
167
187
54
214
248
124
94
36
182
155
67
91
68
135
183
10
76
150
72
39
218
162
59
87
47
203
199
47
237
116
184
159
81
180
17
258
192
147
239
127
92
188
3
244
180
147
237
101
157
57
117
118
15
236
216
204
43
152
111
143
117
184
61
99
210
37
133
186
67
26
92
151
238
230
224
141
235
255
217
54
18
30
64
5
75
104
146
83
9
24
130
51
57
183
175
229
77
1
30
185
51
76
51
209
102
204
130
160
128
14
44
55
130
173
116
142
13
8
52
156
153
171
154
57
225
110
157
144
190
182
186
114
50
124
191
8
4
90
248
57
251
131
72
178
172
176
253
234
254
87
65
122
244
231
154
115
7
43
179
2
129
95
143
196
148
34
41
77
122
144
218
163
247
83
113
41
200
221
39
187
140
88
126
183
1
205
195
107
114
246
92
120
86
171
184
61
31
101
27
181
212
193
11
81
69
40
257
54
242
148
222
197
205
2
107
212
218
178
183
208
135
177
28
248
0
232
222
0
259
222
56
143
2
258
171
31
13
147
254
51
165
171
93
159
73
98
208
132
82
209
102
185
120
236
5
26
92
204
94
169
2
180
121
217
234
145
16
113
129
190
107
133
58
116
222
215
200
183
103
42
97
171
89
114
209
232
220
243
223
128
245
228
84
224
9
196
160
105
17
190
237
163
64
40
119
232
99
105
233
192
29
220
213
228
1
35
139
146
18
144
209
27
136
144
121
28
186
224
128
255
164
50
237
252
4
212
131
19
125
0
16
225
62
228
225
258
75
87
12
154
176
15
54
208
238
251
236
201
170
48
250
149
155
33
61
116
10
210
138
126
148
21
130
111
147
259
147
47
157
53
98
38
220
119
126
181
96
251
248
77
43
49
206
104
90
83
50
34
72
133
93
30
24
231
17
174
228
123
244
104
157
258
238
258
170
51
8
224
129
15
47
38
196
99
238
165
56
96
58
128
225
30
13
6
188
162
47
68
101
2
213
16
238
158
180
8
142
233
63
123
254
227
11
180
159
45
217
197
55
28
195
120
239
107
82
135
87
6
12
189
213
48
213
75
229
205
217
36
242
99
167
200
251
140
173
215
46
182
168
112
224
84
124
68
189
187
157
166
78
248
224
161
155
66
233
25
224
69
3
78
2
51
31
42
63
61
156
102
0
137
135
102
155
89
40
43
9
218
120
257
247
80
253
26
126
190
17
222
190
154
63
93
202
29
131
139
205
20
134
187
159
185
220
224
7
5
154
121
209
60
220
81
67
136
23
157
161
59
15
162
21
146
159
230
259
144
88
206
108
98
22
63
178
117
45
170
109
194
209
151
11
1
259
197
227
25
7
70
179
211
27
24
64
227
219
76
163
191
15
189
248
176
90
78
50
126
189
13
179
83
94
12
195
1
87
73
243
169
246
70
211
98
137
230
119
178
60
203
95
165
89
87
15
82
54
47
18
21
146
133
2
66
204
176
217
25
24
47
100
49
7
52
7
14
71
28
256
26
37
104
150
19
99
141
217
95
39
188
121
33
108
96
231
65
34
189
209
11
65
201
173
235
170
89
188
133
199
115
203
69
8
237
76
209
50
247
221
89
71
213
117
211
65
61
254
27
58
25
151
110
80
3
248
138
113
60
214
57
32
206
23
100
101
236
131
162
119
41
233
162
179
35
237
88
145
24
258
17
202
139
102
50
23
176
163
113
219
216
129
220
236
108
100
42
165
187
14
130
232
119
131
166
215
84
104
117
157
13
80
79
219
66
10
118
177
254
29
92
257
77
46
144
258
79
57
129
74
232
136
19
56
17
145
143
86
235
228
23
67
164
33
202
118
129
146
65
190
155
195
207
177
72
64
109
245
19
162
221
166
20
39
189
80
79
95
231
193
139
68
149
142
83
24
165
182
165
116
105
240
199
204
109
37
92
178
20
172
37
214
132
209
212
197
92
138
150
110
257
26
147
133
169
38
89
53
58
70
38
134
50
96
214
175
230
111
250
87
216
76
16
112
3
48
227
143
104
80
73
253
144
61
98
233
212
11
238
53
2
101
59
257
103
50
82
224
249
91
85
84
255
97
196
235
108
233
28
45
124
146
42
182
124
181
27
9
29
110
242
14
22
219
136
258
108
212
76
235
154
146
157
12
138
73
185
104
71
179
92
168
48
214
130
202
133
175
144
141
155
129
133
157
73
253
110
219
120
154
222
9
172
256
131
107
48
214
22
74
221
246
151
256
124
196
245
153
130
59
223
140
81
125
65
34
113
36
103
102
208
187
13
120
52
238
187
1
212
151
92
235
192
171
135
204
98
43
29
199
51
74
26
42
92
117
64
66
224
218
57
158
34
95
75
66
63
118
122
206
96
113
193
115
179
154
198
215
250
139
58
38
85
94
95
171
12
122
192
225
65
35
133
169
143
54
123
112
18
48
170
91
30
207
230
32
59
241
135
11
73
71
235
136
54
72
107
100
193
176
98
137
135
139
118
195
6
194
230
43
131
116
252
145
177
119
78
73
215
252
52
69
210
232
195
68
55
192
80
104
248
33
190
139
197
29
131
68
117
21
233
193
122
243
205
156
129
214
101
255
15
204
198
149
111
190
120
117
118
135
117
222
80
185
96
97
195
213
172
124
191
237
182
107
34
54
171
96
39
147
215
24
196
152
45
77
84
197
91
69
153
206
211
217
123
253
207
94
87
152
216
1
134
203
20
216
249
22
133
95
122
41
144
214
159
198
78
217
8
231
248
198
40
18
9
119
9
85
207
126
175
109
31
192
258
22
212
62
197
239
49
167
188
213
222
68
160
122
210
236
214
118
148
256
170
149
206
247
25
163
233
76
160
115
106
209
127
21
232
150
166
172
108
22
27
26
219
244
202
90
24
163
54
186
73
195
5
125
193
241
54
239
111
162
199
121
153
162
162
199
208
223
224
179
17
175
88
53
187
96
67
78
13
103
149
166
55
155
0
86
73
130
11
202
179
98
29
31
25
136
6
219
159
124
120
106
228
117
86
27
172
64
142
239
145
81
4
137
49
100
143
52
58
38
77
164
74
181
175
254
258
246
85
228
22
242
23
62
146
253
75
232
38
174
148
233
146
35
71
145
169
210
153
67
130
187
23
106
97
31
232
18
96
248
182
10
227
46
36
70
156
124
78
101
255
179
75
229
163
149
23
181
245
7
259
115
127
167
166
32
9
67
110
132
202
2
88
172
243
158
16
117
56
50
240
136
128
103
51
205
185
151
83
60
29
212
226
245
174
151
163
52
19
168
4
17
20
167
121
199
104
196
62
205
216
164
246
163
84
125
254
114
59
257
137
57
241
56
234
15
158
29
255
158
156
37
82
37
16
86
21
148
118
177
31
249
246
222
68
19
152
151
188
221
134
6
47
219
123
227
227
72
37
135
63
215
122
191
67
119
110
123
149
93
112
60
153
38
120
159
41
23
36
156
49
172
112
207
24
167
52
197
223
16
109
26
228
169
41
43
247
76
246
103
47
147
223
168
135
236
154
250
42
118
132
97
51
15
111
100
153
40
173
129
90
102
8
140
212
194
258
40
40
102
86
176
114
10
235
237
126
15
149
55
18
233
88
201
131
131
59
249
198
159
89
73
6
235
72
160
136
140
43
107
17
140
105
141
151
252
247
247
199
210
25
90
36
80
104
204
194
82
152
244
253
4
148
15
50
52
194
255
256
11
187
99
136
6
241
238
208
54
85
30
188
67
242
16
235
220
101
49
118
51
79
139
17
174
66
117
190
216
212
167
215
226
203
182
167
79
19
77
243
233
110
125
48
174
216
201
164
58
135
192
101
142
253
200
52
251
230
24
102
153
240
255
233
247
234
222
205
173
39
113
204
249
41
68
105
201
251
13
21
213
8
150
26
123
200
3
70
76
4
12
74
13
184
176
79
225
47
85
209
137
102
160
141
182
201
119
235
201
72
174
249
259
108
16
40
215
27
109
150
251
157
161
31
167
143
172
5
177
88
32
42
39
116
134
171
239
161
226
205
254
8
19
237
235
23
23
30
192
189
97
93
244
134
12
237
34
106
242
78
229
239
255
88
226
140
192
118
184
150
14
120
50
217
163
96
43
166
243
200
149
32
45
168
131
7
256
74
161
250
181
171
236
84
137
120
114
16
16
115
203
3
242
70
106
42
10
223
78
93
139
35
76
80
208
21
252
168
209
230
161
191
147
3
215
66
115
92
29
67
77
172
156
256
153
134
183
114
226
257
37
144
240
139
164
125
175
185
107
154
143
37
64
23
185
46
36
195
25
112
230
100
211
153
238
86
240
2
177
162
17
113
9
79
201
45
12
192
70
43
194
154
14
33
73
130
23
57
196
99
248
128
202
7
42
229
26
86
253
3
139
14
170
78
181
48
229
52
40
72
163
25
114
33
66
86
207
142
195
8
217
0
26
73
198
167
100
205
101
55
134
164
157
3
225
48
118
198
95
7
25
84
97
84
180
17
186
92
20
18
0
136
247
39
158
234
215
182
109
175
189
1
54
20
131
236
38
64
210
180
47
75
137
201
137
174
63
34
7
61
241
131
13
82
203
96
136
226
181
235
0
241
170
258
258
220
180
134
156
155
123
19
107
158
43
62
142
20
201
11
30
241
242
55
113
77
139
141
225
156
151
28
67
218
133
238
108
73
16
98
174
177
209
128
245
82
125
32
198
125
64
27
142
178
31
183
28
35
168
259
168
11
28
165
197
127
211
46
205
165
9
55
146
3
161
248
122
129
20
119
234
239
178
113
23
165
23
147
63
152
246
210
152
11
77
56
227
12
158
34
129
238
241
229
106
224
59
92
210
202
156
226
72
99
248
90
207
239
220
184
228
176
233
18
202
33
221
226
34
81
7
53
184
33
199
27
116
3
99
138
247
182
204
150
44
192
167
54
205
128
104
161
144
196
113
180
256
90
76
125
153
223
254
218
29
64
85
253
38
160
52
257
160
62
144
65
105
148
228
252
226
242
237
140
222
35
120
21
185
168
245
55
206
76
49
169
114
196
82
97
195
113
113
11
135
73
234
32
235
8
32
32
156
15
156
244
163
149
251
44
97
159
4
209
211
257
114
174
213
103
255
213
150
190
4
72
166
148
57
61
138
10
35
85
138
44
150
194
185
192
97
158
1
258
194
94
240
191
111
155
244
248
166
220
175
231
51
129
231
84
103
93
196
105
213
249
256
166
240
165
118
203
95
66
116
160
174
41
94
175
225
27
107
63
69
24
170
238
67
48
158
27
109
114
89
214
45
181
136
253
91
99
76
134
26
36
161
172
93
193
104
230
210
193
207
78
159
247
81
200
159
21
176
36
227
81
25
141
139
158
4
15
128
225
0
115
237
43
223
90
105
30
231
111
62
97
228
185
203
82
124
79
201
194
254
173
187
21
181
234
21
22
87
0
45
171
210
189
174
52
0
33
78
80
19
197
19
21
208
184
40
24
96
100
259
119
22
125
0
13
101
53
219
118
52
208
232
243
60
178
170
184
45
168
1
4
10
208
96
122
214
240
218
165
215
118
25
186
41
201
224
173
63
170
50
162
125
8
70
174
169
206
81
75
238
84
49
186
19
226
220
173
177
172
175
190
95
137
219
112
207
180
174
94
45
114
257
175
76
171
69
234
56
108
170
72
32
7
140
158
49
53
240
217
51
99
147
244
55
195
259
83
183
98
230
22
7
36
148
227
255
85
245
45
136
198
14
186
25
20
73
249
218
193
241
5
5
21
69
164
125
131
4
232
190
212
227
164
259
6
103
168
147
35
134
19
205
194
66
188
222
88
141
257
51
175
142
42
106
230
249
234
155
223
210
62
250
239
46
150
58
63
252
48
18
154
16
222
234
48
128
256
152
101
152
23
142
44
186
